120
2062 5109 27459913 0 1345 807 807
2137 5108 27458432 1 1345 807 807
2163 5225 27456035 1 1345 806 806
2262 5365 27451813 1 1345 806 806
2416 5519 27446004 1 1385 795 795
2608 5670 27438999 1 1344 795 795
2863 5787 27429788 1 1374 774 774
3097 5883 27420529 1 1393 754 754
3317 5918 27411230 1 1413 723 723
3472 5908 27404212 1 1422 703 703
3583 5871 27399090 1 1442 683 683
3663 5780 27395922 1 1452 663 663
3712 5637 27395641 1 1442 653 653
3730 5460 27398877 1 1462 623 623
3727 5196 27407915 1 1462 614 614
3711 4910 27421705 1 1463 594 594
3694 4609 27439520 1 1474 574 574
3671 4300 27460807 1 1485 564 564
3633 4009 27482749 1 1496 544 544
3587 3730 27504531 1 1487 534 534
3536 3523 27520702 1 1498 524 524
3482 3348 27533942 1 1509 514 514
3425 3198 27544978 1 1500 524 524
3378 3101 27551585 1 1500 524 524
3335 3055 27554096 1 1490 534 534
2675 3690 27499926 0 1457 524 524
2720 3725 27498231 1 1437 514 514
2738 3787 27495104 1 1437 514 514
2811 3879 27490413 1 1437 504 504
2922 3960 27486051 1 1436 504 504
3074 4034 27481628 1 1446 504 504
3282 4097 27477229 1 1446 504 504
3527 4122 27474646 1 1446 504 504
3761 4122 27474149 1 1456 504 504
3938 4086 27477503 1 1456 504 504
4075 4000 27486760 1 1456 504 504
4150 3884 27500160 1 1477 504 504
4162 3724 27518130 1 1468 514 514
4130 3557 27535590 1 1479 514 514
4033 3386 27550291 1 1490 523 523
3891 3146 27569022 1 1491 523 523
3720 2904 27585191 1 1492 533 533
3515 2672 27597671 1 1492 533 533
3357 2447 27611710 1 1493 533 533
3229 2299 27619970 1 1484 543 543
3174 2217 27625584 1 1484 543 543
3189 2181 27630380 1 1484 543 543
3251 2166 27635930 1 1474 553 553
3433 2193 27644568 1 1475 553 553
3725 2250 27658796 1 1476 553 553
4089 2351 27676137 1 1477 553 553
4479 2452 27700697 1 1468 553 553
4874 2554 27732849 1 1490 562 562
5157 2606 27764526 1 1491 562 562
5364 2631 27793258 1 1493 562 562
7272 5369 25889385 0 1456 588 588
7291 5383 25885485 1 1466 577 577
7283 5386 25897181 1 1476 558 558
7289 5369 25868938 1 1512 557 557
7327 5157 25540868 1 1529 540 540
7415 4848 25286818 1 1542 546 546
7451 4832 27070615 1 1670 559 559
7450 4705 28824349 1 1758 550 550
7408 4250 28429053 1 1733 547 547
7389 3862 28250033 1 1702 557 557
7371 3584 28171359 1 1687 557 557
7337 3363 28128519 1 1664 568 568
7292 3180 28103019 1 1663 568 568
7214 5108 25910887 0 1363 593 593
7319 5661 26250677 1 1391 563 563
7420 6077 26825236 1 1421 550 550
7573 6506 27331669 1 1458 543 543
7761 6732 27578292 1 1461 536 536
7909 6840 27701747 1 1498 538 538
8030 6880 27784912 1 1513 530 530
8147 6855 27884848 1 1518 531 531
8294 6769 28067612 1 1548 532 532
8511 6648 28347408 1 1574 527 527
8892 6352 28237686 1 1568 544 544
8905 5515 25848332 1 1445 530 530
8727 5179 25840894 1 1463 506 506
8633 4861 26254236 1 1486 500 500
8592 4516 26802284 1 1527 509 509
8587 4117 27267611 1 1564 511 511
8596 3690 27522674 1 1588 523 523
8595 3330 27638124 1 1595 524 524
8598 3023 27697316 1 1608 535 535
8611 2695 27740124 1 1611 536 536
8618 2432 27770390 1 1603 546 546
8624 2211 27795863 1 1614 556 556
8628 2021 27819450 1 1605 567 567
8610 1908 27840273 1 1596 577 577
8567 1846 27861048 1 1608 587 587
8505 1859 27875623 1 1609 587 587
8360 1959 27899925 1 1600 597 597
8159 2120 27933548 1 1602 597 597
6968 3280 28081157 0 1600 610 610
6469 3586 27914175 1 1580 613 613
6281 3657 27832717 1 1576 614 614
6113 3708 27765853 1 1552 604 604
5991 3746 27720965 1 1549 604 604
5899 3799 27683432 1 1527 605 605
5865 3855 27660143 1 1526 595 595
5906 3912 27652912 1 1525 595 595
5999 3979 27654245 1 1515 585 585
6195 4067 27678425 1 1507 575 575
6511 4175 27758121 1 1511 576 576
6907 4334 27947699 1 1532 566 566
7348 4556 28523445 1 1542 563 563
7597 4622 28440500 1 1538 544 544
8089 4474 27262137 1 1484 533 533
8539 4440 26929216 1 1486 548 548
8845 4431 26877619 1 1492 551 551
9050 4411 26898681 1 1494 552 552
9128 4385 26923397 1 1505 553 553
7486 5147 25421747 0 1550 528 528
7556 4979 25286781 1 1542 524 524
7558 4957 25286377 1 1551 514 514
7552 4965 25278102 1 1550 505 505
7520 4867 25275804 1 1559 484 484
