120
2040 5117 27504291 0 1348 798 798
2115 5116 27503582 1 1348 798 798
2141 5234 27504354 1 1348 798 798
2240 5375 27504660 1 1348 798 798
2395 5531 27504599 1 1388 788 788
2586 5683 27504180 1 1348 788 788
2841 5803 27502743 1 1377 768 768
3074 5900 27501210 1 1397 748 748
3294 5937 27498936 1 1417 718 718
3449 5928 27496706 1 1427 698 698
3559 5891 27494539 1 1447 678 678
3638 5801 27491921 1 1457 659 659
3686 5656 27488962 1 1447 649 649
3702 5477 27486139 1 1466 619 619
3698 5210 27482884 1 1466 609 609
3681 4920 27480256 1 1466 589 589
3663 4615 27478242 1 1476 569 569
3641 4302 27476956 1 1486 559 559
3604 4008 27476537 1 1496 540 540
3558 3726 27476531 1 1486 530 530
3509 3517 27476747 1 1496 520 520
3456 3341 27476966 1 1506 510 510
3400 3190 27477131 1 1496 520 520
3353 3093 27477252 1 1496 520 520
3311 3046 27477445 1 1486 530 530
2651 3688 27487488 0 1457 519 519
2695 3724 27487248 1 1437 509 509
2713 3786 27487447 1 1437 509 509
2786 3878 27487196 1 1437 499 499
2896 3960 27486377 1 1436 499 499
3047 4035 27484893 1 1446 499 499
3254 4097 27482389 1 1446 499 499
3498 4123 27478847 1 1446 499 499
3731 4122 27475054 1 1456 500 500
3906 4085 27471943 1 1456 500 500
4043 3998 27469523 1 1456 500 500
4118 3880 27468440 1 1475 500 500
4131 3717 27468765 1 1465 510 510
4100 3549 27469830 1 1476 510 510
4005 3377 27471518 1 1486 520 520
3865 3135 27473327 1 1486 520 520
3696 2892 27474522 1 1486 530 530
3492 2660 27474975 1 1486 530 530
3335 2435 27474297 1 1486 530 530
3208 2287 27473400 1 1476 540 540
3154 2205 27472655 1 1476 540 540
3169 2169 27472183 1 1476 540 540
3231 2153 27471848 1 1466 550 550
3413 2180 27471850 1 1466 550 550
3705 2235 27472185 1 1466 550 550
4068 2333 27473143 1 1466 550 550
4458 2432 27474709 1 1456 550 550
4853 2530 27477372 1 1476 560 560
5137 2580 27480677 1 1476 560 560
5346 2602 27484324 1 1476 560 560
7375 5626 27127710 0 1526 596 596
7411 5640 27119240 1 1535 586 586
7398 5641 27124463 1 1546 566 566
7404 5628 27117682 1 1585 566 566
7427 5464 27061406 1 1621 547 547
7454 5177 27003850 1 1647 549 549
7494 4828 27046621 1 1669 562 562
7508 4466 27354765 1 1668 554 554
7474 4119 27554693 1 1680 552 552
7441 3773 27601395 1 1663 561 561
7413 3512 27605474 1 1653 561 561
7373 3300 27601012 1 1633 570 570
7322 3122 27594970 1 1632 570 570
7165 5352 27148402 0 1429 589 589
7476 5864 27190016 1 1441 575 575
7595 6200 27367839 1 1450 563 563
7725 6565 27579674 1 1471 554 554
7899 6755 27673977 1 1466 546 546
8037 6843 27711961 1 1499 547 547
8151 6867 27734469 1 1510 538 538
8268 6826 27764692 1 1511 539 539
8420 6707 27812704 1 1534 540 540
8618 6516 27787330 1 1543 533 533
8777 6162 27393446 1 1521 537 537
8795 5762 27004861 1 1509 523 523
8793 5399 26941200 1 1525 510 510
8756 4994 26976552 1 1527 508 508
8709 4580 27182224 1 1549 516 516
8687 4146 27461663 1 1575 517 517
8680 3695 27561316 1 1590 528 528
8664 3323 27580285 1 1592 528 528
8657 3011 27581693 1 1602 539 539
8661 2680 27578258 1 1601 539 539
8663 2415 27574895 1 1591 549 549
8664 2194 27571988 1 1601 559 559
8665 2003 27569483 1 1591 569 569
8645 1889 27569050 1 1581 579 579
8601 1827 27570487 1 1591 589 589
8539 1838 27573641 1 1591 589 589
8395 1937 27581596 1 1582 599 599
8194 2094 27591689 1 1582 599 599
6980 3219 27554499 0 1570 611 611
6447 3531 27483610 1 1556 611 611
6251 3609 27467381 1 1555 611 611
6078 3667 27457953 1 1535 601 601
5953 3710 27453054 1 1534 601 601
5859 3767 27448875 1 1514 601 601
5823 3825 27445492 1 1514 591 591
5862 3882 27441914 1 1514 591 591
5953 3948 27437076 1 1504 581 581
6145 4030 27429410 1 1493 571 571
6456 4123 27418693 1 1493 571 571
6851 4249 27401665 1 1502 562 562
7352 4375 27394394 1 1481 563 563
7902 4493 27649199 1 1495 566 566
8223 4501 27425973 1 1493 542 542
8656 4493 27250645 1 1503 555 555
8938 4493 27250602 1 1513 557 557
9129 4472 27269528 1 1514 557 557
9202 4444 27283001 1 1525 557 557
7752 5447 26899934 0 1640 546 546
7888 5275 26789675 1 1633 547 547
7899 5249 26778785 1 1642 538 538
7887 5261 26786719 1 1643 528 528
7896 5152 26753301 1 1651 508 508
