120
1976 4638 24930220 0 1221 773 773
2069 4618 24826988 1 1216 781 781
2069 4717 24789853 1 1215 771 771
2156 4803 24576831 1 1204 768 768
2364 4832 24028901 1 1212 778 778
2953 4902 23721869 1 1162 900 900
3433 5471 25928468 1 1299 928 928
3569 5712 26622397 1 1353 869 869
3719 5765 26701180 1 1376 811 811
3840 5749 26664141 1 1384 778 778
3930 5699 26597939 1 1400 749 749
3995 5586 26476003 1 1403 723 723
4029 5413 26304993 1 1384 709 709
4029 5203 26112593 1 1393 673 673
3990 4904 25868814 1 1380 657 657
3928 4595 25666295 1 1369 629 629
3860 4285 25507976 1 1370 600 600
3788 3971 25364032 1 1372 582 582
3704 3677 25206352 1 1372 555 555
3617 3394 25024512 1 1353 538 538
3536 3181 24851726 1 1353 524 524
3456 3001 24675627 1 1352 510 510
3376 2843 24492190 1 1333 516 516
3314 2740 24345778 1 1325 514 514
3265 2687 24236017 1 1311 522 522
2730 3261 24302404 0 1288 535 535
2774 3298 24345692 1 1272 524 524
2794 3361 24401700 1 1275 525 525
2871 3456 24495183 1 1280 515 515
2987 3544 24597695 1 1285 515 515
3146 3630 24729911 1 1301 516 516
3364 3715 24918573 1 1311 516 516
3616 3774 25151800 1 1324 516 516
3849 3808 25384686 1 1345 515 515
4019 3800 25555975 1 1354 514 514
4140 3736 25675254 1 1360 512 512
4195 3633 25720924 1 1382 509 509
4181 3475 25681331 1 1370 516 516
4124 3306 25590600 1 1375 513 513
4002 3125 25421429 1 1375 519 519
3824 2873 25172158 1 1361 514 514
3611 2619 24875298 1 1345 518 518
3356 2372 24502748 1 1325 509 509
3133 2152 24279018 1 1313 498 498
2944 2014 24200729 1 1300 495 495
2849 1955 24366234 1 1309 488 488
2857 1946 24652938 1 1324 487 487
2933 1955 24953195 1 1331 499 499
3164 2002 25237113 1 1346 510 510
3512 2077 25530331 1 1362 521 521
3924 2191 25793168 1 1376 530 530
4348 2308 26071996 1 1381 536 536
4763 2424 26323594 1 1414 550 550
5054 2485 26477002 1 1422 551 551
5264 2515 26566188 1 1427 552 552
7334 5610 27050237 0 1522 593 593
7374 5628 27060121 1 1532 583 583
7360 5627 27056467 1 1542 563 563
7366 5616 27058364 1 1581 563 563
7367 5465 27067374 1 1621 543 543
7353 5193 27088971 1 1652 542 542
7336 4842 27129042 1 1674 551 551
7312 4435 27165009 1 1656 539 539
7282 4058 27144895 1 1655 538 538
7247 3694 27018588 1 1628 546 546
7216 3410 26802368 1 1605 546 546
7181 3172 26529993 1 1569 555 555
7147 2972 26271593 1 1554 557 557
7076 5323 26997203 0 1421 581 581
7471 5840 27079581 1 1435 574 574
7627 6143 27116562 1 1437 566 566
7756 6463 27151728 1 1449 557 557
7915 6635 27183454 1 1440 547 547
8040 6717 27203402 1 1471 547 547
8143 6739 27216645 1 1482 537 537
8248 6693 27226889 1 1482 537 537
8373 6568 27237704 1 1503 537 537
8512 6391 27251057 1 1513 527 527
8611 6133 27264156 1 1514 527 527
8677 5821 27282179 1 1525 516 516
8721 5474 27311122 1 1546 506 506
8720 5065 27360165 1 1549 506 506
8695 4625 27447268 1 1564 515 515
8657 4168 27609576 1 1583 515 515
8633 3743 27922784 1 1611 525 525
8640 3429 28464910 1 1643 527 527
8803 3166 29003768 1 1684 548 548
8940 2063 21229269 1 1233 556 556
8411 1801 20564511 1 1187 533 533
8283 1846 23202612 1 1347 534 534
8319 1835 25250912 1 1457 546 546
8335 1792 26157650 1 1500 558 558
8306 1772 26738511 1 1543 569 569
8233 1809 27133102 1 1566 568 568
8087 1898 27031265 1 1550 577 577
7971 1899 25020573 1 1435 583 583
6832 3104 26574540 0 1514 598 598
6323 3456 26903189 1 1523 599 599
6140 3543 26965532 1 1527 600 600
5980 3607 27007226 1 1509 591 591
5867 3653 27032246 1 1511 592 592
5783 3714 27059906 1 1493 593 593
5752 3775 27089503 1 1494 583 583
5786 3837 27122410 1 1496 583 583
5865 3907 27152047 1 1488 572 572
6033 3990 27152591 1 1478 560 560
6314 4076 27101412 1 1475 559 559
6684 4198 27069569 1 1483 548 548
7163 4333 27131566 1 1467 549 549
7681 4433 27277217 1 1475 550 550
8231 4500 27421305 1 1493 543 543
8643 4529 27471160 1 1515 554 554
8922 4530 27475630 1 1526 556 556
9113 4505 27471108 1 1525 556 556
9187 4474 27470593 1 1535 556 556
7712 5497 27149259 0 1655 544 544
7832 5353 27187099 1 1658 544 544
7841 5330 27191072 1 1668 534 534
7830 5340 27187806 1 1668 524 524
7825 5238 27197668 1 1678 504 504
