120
2016 5094 27381700 0 1342 789 789
2090 5093 27378896 1 1341 789 789
2115 5213 27391934 1 1342 789 789
2213 5356 27405621 1 1343 789 789
2365 5514 27420656 1 1383 779 779
2555 5669 27436426 1 1344 779 779
2807 5792 27450221 1 1375 759 759
3037 5892 27464382 1 1395 739 739
3254 5931 27472738 1 1416 710 710
3407 5924 27474695 1 1426 690 690
3515 5886 27471089 1 1446 670 670
3592 5793 27456267 1 1455 650 650
3637 5644 27427464 1 1443 640 640
3653 5457 27386987 1 1461 611 611
3650 5179 27321300 1 1458 601 601
3637 4878 27246822 1 1454 582 582
3625 4563 27168268 1 1459 563 563
3611 4242 27091119 1 1465 555 555
3582 3942 27027030 1 1471 536 536
3545 3658 26973340 1 1459 528 528
3500 3448 26939934 1 1467 518 518
3452 3273 26915905 1 1475 509 509
3399 3123 26898019 1 1464 520 520
3354 3027 26889095 1 1464 520 520
3313 2981 26888771 1 1454 530 530
2639 3639 27122293 0 1437 517 517
2682 3674 27122556 1 1417 507 507
2699 3737 27130941 1 1418 507 507
2770 3829 27137500 1 1418 497 497
2878 3910 27137303 1 1418 496 496
3027 3983 27129994 1 1428 496 496
3232 4042 27110988 1 1427 496 496
3474 4062 27074626 1 1425 496 496
3705 4055 27028250 1 1432 496 496
3881 4011 26978310 1 1430 496 496
4020 3918 26919535 1 1426 497 497
4100 3795 26867000 1 1443 498 498
4119 3630 26823198 1 1431 508 508
4095 3462 26794301 1 1439 509 509
4005 3292 26785868 1 1448 520 520
3870 3056 26776539 1 1448 521 521
3706 2818 26772305 1 1448 531 531
3505 2592 26773202 1 1448 532 532
3350 2372 26759232 1 1447 532 532
3224 2226 26750735 1 1437 542 542
3170 2146 26741268 1 1436 543 543
3186 2110 26729224 1 1436 543 543
3249 2093 26712968 1 1425 553 553
3434 2117 26683283 1 1424 553 553
3729 2167 26635261 1 1421 553 553
4098 2257 26575157 1 1418 554 554
4496 2346 26499800 1 1404 555 555
4902 2432 26414637 1 1419 566 566
5197 2473 26349896 1 1415 567 567
5415 2490 26304770 1 1413 567 567
7721 5685 27412514 0 1542 624 624
7755 5698 27397302 1 1551 613 613
7742 5700 27407530 1 1562 593 593
7749 5685 27392981 1 1601 593 593
7779 5499 27234783 1 1631 573 573
7803 5153 26880782 1 1639 575 575
7797 4712 26400527 1 1629 585 585
7763 4249 26031295 1 1587 573 573
7732 3872 25902770 1 1579 571 571
7705 3545 25930956 1 1562 581 581
7676 3312 26030212 1 1559 580 580
7629 3126 26144360 1 1547 590 590
7568 2970 26248753 1 1553 589 589
7559 5369 27235275 0 1433 621 621
7803 5927 27480693 1 1456 600 600
7900 6235 27518586 1 1458 586 586
7982 6555 27538833 1 1469 573 573
8119 6715 27511805 1 1458 561 561
8235 6787 27486796 1 1486 560 560
8335 6800 27461474 1 1495 550 550
8441 6742 27424804 1 1493 550 550
8574 6599 27363957 1 1510 550 550
8721 6397 27279341 1 1515 540 540
8833 6111 27163466 1 1508 540 540
8913 5762 27004649 1 1509 530 530
8970 5369 26790730 1 1517 520 520
8984 4903 26483921 1 1499 521 521
8976 4393 26068205 1 1485 532 532
8971 3854 25529582 1 1464 533 533
9031 3357 25040216 1 1445 549 549
9154 3101 25738977 1 1485 558 558
9122 3033 27783238 1 1613 568 568
8975 2807 28889465 1 1678 558 558
8895 2546 29067609 1 1677 564 564
8852 2314 29088918 1 1689 571 571
8827 2114 29089646 1 1679 580 580
8797 1992 29063483 1 1667 589 589
8751 1922 29004370 1 1674 599 599
8696 1928 28909857 1 1668 600 600
8574 2012 28644752 1 1643 612 612
8404 2141 28205826 1 1617 615 615
7187 3047 26086072 0 1486 629 629
6589 3327 25899283 1 1466 624 624
6365 3403 25901319 1 1466 622 622
6168 3464 25935747 1 1450 610 610
6025 3510 25976645 1 1452 608 608
5917 3570 26011895 1 1435 607 607
5873 3626 26023459 1 1436 596 596
5911 3677 25992390 1 1434 596 596
6007 3730 25925999 1 1421 586 586
6220 3790 25792745 1 1404 578 578
6584 3855 25636489 1 1396 582 582
7057 3976 25642263 1 1405 579 579
7608 4140 25920949 1 1402 583 583
8119 4240 26092718 1 1411 581 581
8603 4275 26049089 1 1418 567 567
8938 4282 25972928 1 1433 573 573
9156 4278 25944681 1 1441 570 570
9303 4253 25931880 1 1440 568 568
9359 4220 25911136 1 1448 567 567
8079 5484 27083690 0 1651 570 570
8201 5298 26909134 1 1641 569 569
8210 5270 26885721 1 1649 559 559
8200 5283 26898446 1 1650 548 548
8205 5162 26803831 1 1654 528 528
