120
2137 5145 27652150 0 1355 836 836
2212 5144 27654471 1 1355 835 835
2239 5260 27642369 1 1354 835 835
2340 5399 27629794 1 1354 834 834
2497 5553 27616648 1 1393 822 822
2691 5704 27603935 1 1352 820 820
2949 5822 27595014 1 1382 798 798
3186 5919 27587209 1 1402 776 776
3409 5956 27585919 1 1422 743 743
3566 5948 27589494 1 1432 722 722
3678 5913 27596745 1 1452 701 701
3757 5826 27611855 1 1463 680 680
3804 5686 27635562 1 1454 670 670
3819 5513 27664996 1 1476 638 638
3811 5253 27709124 1 1478 628 628
3789 4970 27757532 1 1481 606 606
3766 4671 27809565 1 1494 585 585
3738 4363 27864270 1 1507 574 574
3695 4072 27915821 1 1520 553 553
3644 3793 27966422 1 1512 542 542
3591 3584 28004450 1 1525 532 532
3536 3409 28036868 1 1537 521 521
3477 3258 28065330 1 1528 532 532
3429 3161 28083085 1 1529 532 532
3387 3114 28089625 1 1519 542 542
2736 3741 27885929 0 1478 536 536
2781 3777 27883150 1 1457 526 526
2799 3839 27873667 1 1457 526 526
2874 3932 27863428 1 1456 515 515
2985 4014 27858284 1 1456 515 515
3137 4090 27857952 1 1466 514 514
3346 4154 27865051 1 1466 514 514
3591 4183 27883510 1 1467 513 513
3824 4187 27907806 1 1479 512 512
3999 4154 27935176 1 1480 511 511
4134 4070 27969764 1 1482 511 511
4206 3956 28004350 1 1504 510 510
4215 3795 28040980 1 1496 520 520
4181 3627 28074080 1 1508 520 520
4083 3454 28100501 1 1520 530 530
3940 3212 28139962 1 1522 530 530
3767 2967 28181347 1 1524 540 540
3562 2732 28221866 1 1526 540 540
3402 2506 28274708 1 1529 540 540
3274 2356 28312093 1 1521 551 551
3219 2274 28337282 1 1522 551 551
3234 2238 28354634 1 1523 551 551
3295 2223 28370772 1 1514 561 561
3477 2252 28386713 1 1514 560 560
3767 2311 28408704 1 1516 559 559
4129 2414 28426508 1 1517 558 558
4517 2519 28452754 1 1508 557 557
4908 2623 28484227 1 1530 566 566
5188 2677 28516432 1 1532 566 566
5393 2702 28545322 1 1533 565 565
7423 6008 28967508 0 1630 600 600
7442 6028 28982915 1 1641 589 589
7435 6028 28984365 1 1652 569 569
7438 6013 28971788 1 1693 569 569
7447 5824 28845589 1 1727 549 549
7450 5504 28708944 1 1751 549 549
7452 5108 28616852 1 1766 559 559
7448 4664 28570702 1 1742 549 549
7437 4270 28562774 1 1742 549 549
7421 3907 28577394 1 1722 560 560
7401 3639 28600944 1 1713 560 560
7365 3423 28627991 1 1694 570 570
7318 3242 28656419 1 1695 570 570
7243 5658 28696497 0 1510 595 595
7432 6290 29162911 1 1545 571 571
7432 6290 27761082 1 1471 551 551
7527 6360 26717468 1 1425 540 540
7741 6549 26828126 1 1422 535 535
7880 6647 26919790 1 1456 536 536
7986 6684 26995142 1 1470 527 527
8085 6660 27090154 1 1475 527 527
8205 6568 27236015 1 1502 526 526
8346 6428 27410551 1 1522 517 517
8458 6212 27612753 1 1533 517 517
8548 5936 27816873 1 1555 509 509
8626 5610 27988981 1 1585 500 500
8663 5210 28139552 1 1593 502 502
8673 4761 28253925 1 1610 514 514
8663 4279 28346230 1 1625 515 515
8651 3811 28427394 1 1640 526 526
8635 3434 28500470 1 1645 527 527
8629 3119 28571168 1 1659 537 537
8634 2785 28662062 1 1664 537 537
8638 2518 28753942 1 1659 547 547
8640 2295 28848994 1 1675 557 557
8642 2104 28948427 1 1671 568 568
8623 1989 29020746 1 1664 578 578
8580 1926 29068223 1 1677 588 588
8519 1938 29068264 1 1677 588 588
8376 2038 29020944 1 1664 598 598
8179 2197 28952146 1 1660 598 598
6987 3343 28622308 0 1631 611 611
6477 3662 28504447 1 1614 614 614
6291 3739 28456293 1 1611 615 615
6126 3794 28412113 1 1588 605 605
6007 3835 28378367 1 1586 606 606
5918 3891 28347648 1 1564 607 607
5885 3948 28328805 1 1563 597 597
5924 4007 28326607 1 1563 597 597
6014 4077 28334976 1 1553 587 587
6201 4168 28365509 1 1544 576 576
6500 4275 28425390 1 1547 575 575
6869 4419 28499418 1 1562 563 563
7316 4562 28563386 1 1545 560 560
7779 4638 28537626 1 1543 557 557
8263 4662 28408768 1 1547 545 545
8632 4664 28287649 1 1560 554 554
8888 4651 28210121 1 1566 553 553
9067 4619 28165857 1 1564 553 553
9137 4586 28154628 1 1574 553 553
7681 5801 28649436 0 1747 541 541
7808 5620 28541692 1 1740 542 542
7819 5594 28535740 1 1750 532 532
7808 5607 28543412 1 1751 522 522
7822 5497 28542802 1 1761 503 503
