120
2037 5083 27320519 0 1339 797 797
2111 5081 27316795 1 1338 797 797
2136 5200 27325147 1 1339 796 796
2233 5341 27332190 1 1339 796 796
2386 5497 27338637 1 1379 785 785
2575 5650 27344291 1 1340 785 785
2827 5770 27345823 1 1370 765 765
3058 5867 27347303 1 1390 744 744
3276 5903 27343828 1 1409 714 714
3429 5894 27337612 1 1419 694 694
3538 5856 27329073 1 1438 674 674
3616 5763 27314035 1 1447 655 655
3664 5616 27291635 1 1436 645 645
3682 5433 27264402 1 1455 615 615
3681 5161 27224175 1 1452 606 606
3669 4867 27181168 1 1450 587 587
3656 4558 27136890 1 1458 568 568
3640 4242 27093867 1 1465 559 559
3608 3947 27058631 1 1473 540 540
3568 3666 27029366 1 1462 531 531
3523 3457 27011793 1 1471 522 522
3473 3283 26999721 1 1480 512 512
3419 3133 26991301 1 1469 523 523
3373 3038 26987712 1 1469 523 523
3332 2992 26988819 1 1459 533 533
2661 3642 27142205 0 1438 521 521
2704 3677 27141255 1 1418 511 511
2721 3739 27145799 1 1419 511 511
2793 3831 27147798 1 1419 501 501
2902 3911 27144679 1 1419 500 500
3052 3984 27136019 1 1428 500 500
3257 4043 27118551 1 1427 500 500
3501 4064 27089543 1 1426 500 500
3733 4059 27055103 1 1434 500 500
3909 4018 27020742 1 1432 500 500
4047 3927 26982892 1 1430 500 500
4126 3807 26950556 1 1448 501 501
4142 3644 26924944 1 1436 511 511
4116 3476 26909132 1 1445 512 512
4024 3307 26907414 1 1455 522 522
3888 3071 26907161 1 1455 523 523
3722 2833 26911205 1 1455 534 534
3521 2606 26919078 1 1456 534 534
3365 2386 26916665 1 1456 535 535
3238 2240 26915700 1 1446 545 545
3185 2160 26911933 1 1446 545 545
3200 2124 26905007 1 1445 545 545
3263 2108 26894659 1 1435 555 555
3447 2132 26873821 1 1434 555 555
3741 2183 26839120 1 1432 555 555
4109 2276 26792808 1 1429 555 555
4504 2367 26732555 1 1416 556 556
4906 2455 26659123 1 1432 566 566
5197 2497 26598046 1 1429 567 567
5412 2513 26550043 1 1426 567 567
7527 6196 29876909 0 1681 609 609
7692 6132 29485489 1 1669 608 608
7633 6154 29591450 1 1686 584 584
7680 6151 29635866 1 1732 587 587
8383 5105 25286197 1 1514 618 618
7588 4746 24758880 1 1510 559 559
7551 4503 25228613 1 1557 567 567
7551 4138 25350179 1 1546 557 557
7559 3790 25355538 1 1546 558 558
7568 3466 25357356 1 1528 571 571
7570 3232 25406994 1 1521 572 572
7550 3051 25518286 1 1510 584 584
7511 2905 25672327 1 1519 585 585
6885 5066 25694837 0 1352 566 566
7710 6149 28509505 1 1511 593 593
7816 6357 28060011 1 1487 580 580
7905 6635 27873741 1 1487 567 567
8057 6780 27775369 1 1472 557 557
8181 6845 27720922 1 1499 557 557
8288 6855 27682418 1 1507 547 547
8402 6795 27641584 1 1505 547 547
8546 6650 27576059 1 1521 548 548
8705 6442 27472304 1 1525 539 539
8828 6145 27316759 1 1517 540 540
8914 5778 27080462 1 1514 530 530
8964 5363 26759411 1 1515 520 520
8952 4878 26346848 1 1492 519 519
8901 4364 25900849 1 1476 527 527
8832 3836 25409653 1 1457 525 525
8773 3323 24791662 1 1431 533 533
8725 2887 23966171 1 1383 532 532
8685 2547 23337189 1 1355 540 540
8677 2550 26247852 1 1524 540 540
8672 2553 29150753 1 1682 550 550
8678 2446 30738236 1 1785 560 560
8689 2202 30304653 1 1749 571 571
8679 2066 30152052 1 1729 581 581
8647 1994 30080583 1 1736 592 592
8605 2004 30051086 1 1734 594 594
8515 2099 29888361 1 1714 608 608
8403 2214 29177926 1 1673 614 614
7123 3015 25814971 0 1471 623 623
6521 3343 26026727 1 1474 618 618
6308 3434 26132224 1 1479 616 616
6123 3503 26227698 1 1466 605 605
5990 3554 26296196 1 1470 604 604
5889 3616 26349288 1 1454 604 604
5848 3675 26374079 1 1455 593 593
5884 3729 26361211 1 1454 593 593
5972 3787 26321728 1 1442 582 582
6161 3853 26221918 1 1427 572 572
6473 3914 26028378 1 1417 573 573
6870 3992 25745427 1 1411 563 563
7392 4059 25412662 1 1374 566 566
7958 4120 25352439 1 1371 570 570
8488 4197 25576410 1 1392 560 560
8849 4251 25782902 1 1422 568 568
9087 4273 25916730 1 1439 566 566
9249 4263 25991329 1 1443 565 565
9310 4235 26003862 1 1453 564 564
8191 5434 26838828 0 1636 577 577
8247 5190 26358277 1 1607 572 572
8248 5156 26302972 1 1613 561 561
8242 5170 26319754 1 1614 551 551
8214 5019 26060703 1 1608 529 529
