120
2031 5055 27172160 0 1331 795 795
2105 5052 27157241 1 1331 795 795
2127 5172 27177017 1 1332 793 793
2219 5314 27190938 1 1332 791 791
2364 5470 27203370 1 1372 778 778
2544 5624 27216048 1 1333 775 775
2782 5741 27209984 1 1363 752 752
2994 5837 27204043 1 1382 729 729
3189 5860 27141464 1 1399 695 695
3326 5822 27005483 1 1402 674 674
3437 5740 26789473 1 1410 655 655
3559 5597 26528459 1 1406 644 644
3670 5438 26427318 1 1391 646 646
3727 5276 26477044 1 1413 623 623
3747 5040 26585430 1 1418 617 617
3738 4776 26676597 1 1423 598 598
3722 4492 26743619 1 1437 578 578
3698 4195 26792069 1 1449 568 568
3657 3913 26824239 1 1460 547 547
3606 3641 26844135 1 1452 537 537
3550 3436 26848528 1 1462 526 526
3492 3264 26841293 1 1471 515 515
3430 3114 26822638 1 1460 524 524
3379 3017 26799525 1 1459 524 524
3335 2968 26776106 1 1448 534 534
2690 3604 26863848 0 1423 527 527
2733 3639 26860441 1 1404 517 517
2750 3700 26864105 1 1404 516 516
2821 3790 26861629 1 1404 506 506
2931 3869 26852492 1 1403 505 505
3083 3940 26838134 1 1412 505 505
3295 3999 26820513 1 1411 506 506
3548 4022 26810967 1 1411 507 507
3791 4024 26819586 1 1421 508 508
3973 3991 26843043 1 1422 508 508
4114 3912 26877769 1 1424 508 508
4189 3801 26912463 1 1446 508 508
4197 3647 26949517 1 1438 518 518
4159 3486 26984732 1 1449 517 517
4054 3319 27003091 1 1460 526 526
3899 3083 27016145 1 1461 524 524
3713 2843 27011799 1 1461 532 532
3488 2614 27004659 1 1460 529 529
3304 2412 27211744 1 1472 525 525
3169 2309 27743771 1 1490 533 533
3133 2253 28068836 1 1508 536 536
3154 2216 28067688 1 1508 537 537
3216 2191 27954753 1 1491 547 547
3398 2196 27679945 1 1477 547 547
3700 2237 27504250 1 1467 549 549
4077 2333 27466311 1 1465 551 551
4476 2438 27534112 1 1459 552 552
4874 2546 27650693 1 1485 562 562
5153 2603 27727147 1 1489 562 562
5356 2628 27756954 1 1491 561 561
7358 5746 27704430 0 1558 595 595
7397 5759 27690331 1 1568 585 585
7383 5760 27693834 1 1578 565 565
7389 5748 27695431 1 1618 565 565
7407 5598 27727196 1 1660 546 546
7421 5323 27765544 1 1693 547 547
7435 4959 27782498 1 1714 558 558
7438 4535 27780062 1 1694 549 549
7430 4152 27773132 1 1693 549 549
7415 3796 27770334 1 1673 559 559
7395 3534 27772871 1 1663 559 559
7358 3321 27778293 1 1643 569 569
7310 3144 27785205 1 1644 569 569
7141 5487 27830609 0 1465 587 587
7474 5955 27610891 1 1463 575 575
7613 6231 27502051 1 1457 565 565
7735 6527 27420055 1 1463 555 555
7896 6688 27400109 1 1452 546 546
8023 6766 27399243 1 1482 546 546
8128 6786 27405271 1 1492 536 536
8234 6740 27418736 1 1493 536 536
8363 6617 27441165 1 1514 536 536
8507 6441 27467805 1 1525 527 527
8613 6186 27500200 1 1527 527 527
8687 5876 27536508 1 1539 517 517
8741 5526 27573692 1 1561 507 507
8752 5112 27613913 1 1563 507 507
8739 4659 27651559 1 1576 518 518
8711 4180 27684968 1 1588 518 518
8688 3715 27713378 1 1599 528 528
8664 3342 27736942 1 1601 528 528
8654 3030 27758555 1 1612 538 538
8656 2700 27785333 1 1613 539 539
8657 2436 27811737 1 1605 549 549
8658 2215 27838619 1 1617 559 559
8658 2025 27866410 1 1608 569 569
8639 1911 27886628 1 1599 579 579
8594 1849 27900153 1 1610 589 589
8532 1860 27900729 1 1610 589 589
8388 1959 27888787 1 1599 599 599
8188 2115 27870853 1 1598 599 599
6969 3244 27770011 0 1582 610 610
6446 3559 27703390 1 1568 611 611
6257 3635 27661825 1 1566 611 611
6089 3688 27613137 1 1543 602 602
5969 3726 27568638 1 1541 602 602
5880 3778 27527032 1 1518 603 603
5848 3833 27507646 1 1517 593 593
5890 3894 27524355 1 1518 593 593
5982 3966 27564250 1 1511 583 583
6170 4061 27638528 1 1505 573 573
6468 4170 27726567 1 1509 572 572
6839 4309 27786868 1 1523 561 561
7300 4438 27789212 1 1503 559 559
7793 4509 27745319 1 1500 558 558
8308 4545 27694071 1 1508 548 548
8692 4561 27662215 1 1526 558 558
8955 4558 27644938 1 1535 558 558
9136 4532 27636175 1 1535 558 558
9206 4501 27634528 1 1544 558 558
7746 5600 27656058 0 1686 546 546
7875 5446 27661854 1 1687 546 546
7884 5423 27663940 1 1697 537 537
7873 5434 27663995 1 1697 527 527
7876 5330 27677892 1 1708 507 507
