120
2339 4959 26655166 0 1306 915 915
2413 4955 26635819 1 1305 911 911
2433 5067 26625004 1 1304 907 907
2524 5198 26598470 1 1303 900 900
2669 5341 26563142 1 1340 879 879
2849 5481 26525130 1 1300 868 868
3090 5586 26476784 1 1326 836 836
3310 5672 26437862 1 1343 806 806
3518 5699 26398688 1 1360 767 767
3665 5685 26367379 1 1368 742 742
3771 5643 26339456 1 1386 719 719
3848 5550 26304625 1 1394 697 697
3898 5403 26259810 1 1382 686 686
3920 5222 26207805 1 1398 655 655
3931 4954 26131795 1 1394 647 647
3936 4666 26058555 1 1390 630 630
3950 4371 26021516 1 1398 614 614
3966 4086 26098603 1 1411 609 609
3952 3839 26318926 1 1433 592 592
3911 3601 26549743 1 1436 582 582
3860 3413 26662444 1 1452 572 572
3811 3249 26719922 1 1464 562 562
3763 3107 26765105 1 1457 575 575
3725 3018 26807835 1 1459 577 577
3689 2976 26845551 1 1452 590 590
3018 3593 26780315 0 1419 591 591
3061 3624 26748989 1 1398 579 579
3076 3679 26715829 1 1396 578 578
3144 3761 26652661 1 1393 564 564
3250 3830 26582541 1 1389 561 561
3397 3890 26499858 1 1395 557 557
3599 3935 26396035 1 1389 552 552
3840 3943 26280138 1 1383 548 548
4073 3925 26159223 1 1386 545 545
4257 3878 26082390 1 1382 545 545
4416 3809 26172280 1 1387 546 546
4499 3759 26613802 1 1430 546 546
4460 3669 27114107 1 1447 550 550
4380 3511 27178461 1 1460 545 545
4274 3319 27001405 1 1460 555 555
4146 3052 26741205 1 1446 558 558
4026 2798 26577975 1 1437 577 577
3893 2596 26813271 1 1450 591 591
3785 2432 27440194 1 1484 601 601
3671 2337 28076097 1 1508 618 618
3619 2282 28431374 1 1527 619 619
3638 2255 28566517 1 1534 620 620
3708 2241 28590857 1 1525 631 631
3910 2240 28224678 1 1506 630 630
4212 2187 26881319 1 1434 625 625
4299 2140 25191230 1 1344 581 581
4353 2295 25925577 1 1374 537 537
4671 2543 27612594 1 1483 539 539
4934 2643 28157469 1 1512 538 538
5134 2687 28382612 1 1525 538 538
7524 5583 26920672 0 1514 608 608
7569 5598 26915312 1 1524 599 599
7553 5597 26910786 1 1533 578 578
7559 5588 26926731 1 1573 578 578
7555 5474 27112103 1 1624 557 557
7514 5254 27407878 1 1671 554 554
7452 4943 27690431 1 1708 559 559
7382 4556 27909873 1 1702 545 545
7326 4197 28075514 1 1712 541 541
7278 3861 28242486 1 1702 549 549
7239 3612 28386942 1 1700 547 547
7190 3410 28517058 1 1687 556 556
7133 3240 28639416 1 1694 555 555
7239 5339 27078953 0 1425 595 595
7670 5752 26671364 1 1413 590 590
7801 5959 26300576 1 1394 579 579
7865 6204 26064318 1 1390 564 564
7974 6338 25964664 1 1376 551 551
8065 6399 25916936 1 1401 549 549
8145 6407 25874912 1 1409 537 537
8230 6342 25799332 1 1404 536 536
8331 6184 25644435 1 1415 534 534
8417 5953 25387324 1 1410 521 521
8419 5694 25309343 1 1405 515 515
8411 5701 26718332 1 1493 500 500
8402 5710 28490757 1 1613 487 487
8505 5337 28827880 1 1632 493 493
8530 4831 28669133 1 1634 505 505
8509 4325 28645429 1 1643 506 506
8483 3851 28727351 1 1658 516 516
8457 3478 28864719 1 1666 516 516
8445 3169 29034174 1 1686 525 525
8445 2845 29278265 1 1700 525 525
8446 2587 29533574 1 1704 535 535
8447 2371 29800470 1 1731 545 545
8449 2186 30079942 1 1736 555 555
8431 2075 30278825 1 1736 565 565
8387 2015 30404094 1 1755 574 574
8326 2026 30393336 1 1754 574 574
8183 2123 30230057 1 1734 584 584
7984 2275 29981982 1 1719 584 584
6795 3317 28397801 0 1618 594 594
6278 3575 27828101 1 1576 595 595
6086 3632 27643121 1 1565 595 595
5916 3671 27488096 1 1536 585 585
5793 3699 27372888 1 1530 584 584
5703 3741 27260397 1 1504 585 585
5671 3788 27181694 1 1499 575 575
5716 3841 27153834 1 1498 576 576
5815 3908 27157916 1 1488 567 567
6017 4000 27224839 1 1482 559 559
6338 4116 27371320 1 1490 561 561
6740 4274 27559686 1 1510 553 553
7230 4447 27843093 1 1506 554 554
7721 4586 28218497 1 1526 553 553
8180 4690 28576461 1 1556 539 539
8494 4725 28659087 1 1581 545 545
8711 4714 28592841 1 1588 542 542
8869 4676 28512383 1 1583 541 541
8933 4639 28482504 1 1592 541 541
7938 5537 27346914 0 1667 560 560
8033 5470 27781829 1 1694 557 557
8035 5456 27833094 1 1707 547 547
8027 5460 27798283 1 1705 537 537
7993 5380 27935500 1 1724 514 514
