120
2131 5111 27469437 0 1346 834 834
2207 5109 27468324 1 1346 833 833
2232 5226 27462061 1 1346 832 832
2332 5365 27453685 1 1345 831 831
2487 5518 27443677 1 1384 819 819
2679 5669 27432949 1 1344 817 817
2935 5786 27421650 1 1373 794 794
3170 5881 27411164 1 1393 771 771
3391 5916 27402821 1 1412 739 739
3546 5907 27397889 1 1422 718 718
3657 5870 27395487 1 1442 697 697
3738 5780 27396483 1 1452 677 677
3786 5638 27401592 1 1442 666 666
3803 5462 27410591 1 1462 636 636
3800 5199 27427349 1 1463 626 626
3783 4915 27449243 1 1464 605 605
3765 4615 27476244 1 1476 585 585
3743 4307 27508729 1 1488 575 575
3705 4018 27543934 1 1500 555 555
3658 3741 27581909 1 1492 544 544
3607 3534 27612922 1 1503 534 534
3553 3361 27640675 1 1515 524 524
3496 3212 27665887 1 1506 534 534
3449 3116 27682364 1 1507 535 535
3406 3070 27689848 1 1497 545 545
2745 3700 27578981 0 1461 538 538
2789 3736 27575123 1 1441 527 527
2807 3797 27568129 1 1441 527 527
2881 3888 27558085 1 1440 516 516
2992 3969 27549394 1 1440 516 516
3144 4043 27541321 1 1449 515 515
3353 4105 27534097 1 1449 515 515
3599 4130 27530395 1 1449 514 514
3833 4130 27529505 1 1459 513 513
4010 4094 27533645 1 1459 513 513
4147 4009 27545541 1 1460 513 513
4223 3893 27563557 1 1481 512 512
4235 3734 27590337 1 1472 523 523
4203 3568 27619657 1 1484 523 523
4106 3398 27649773 1 1495 533 533
3964 3161 27693718 1 1498 533 533
3792 2920 27739686 1 1500 544 544
3587 2690 27784506 1 1503 544 544
3427 2467 27834406 1 1505 544 544
3298 2320 27869046 1 1497 555 555
3244 2238 27890691 1 1498 555 555
3258 2203 27903772 1 1499 555 555
3321 2188 27914456 1 1489 565 565
3504 2215 27921205 1 1490 564 564
3797 2272 27929068 1 1490 564 564
4163 2372 27930072 1 1490 563 563
4556 2473 27936313 1 1480 562 562
4954 2574 27946781 1 1501 572 572
5240 2625 27965413 1 1502 571 571
5450 2649 27987184 1 1503 571 571
7522 5603 27014230 0 1520 608 608
7560 5616 27005442 1 1529 598 598
7546 5617 27008747 1 1539 578 578
7552 5605 27007033 1 1578 578 578
7570 5452 27002679 1 1617 558 558
7586 5179 27013585 1 1647 559 559
7608 4832 27070609 1 1670 571 571
7624 4445 27229249 1 1660 562 562
7622 4106 27469744 1 1675 563 563
7602 3793 27747678 1 1672 573 573
7571 3557 27958198 1 1674 572 572
7523 3361 28112359 1 1663 582 582
7463 3193 28224409 1 1670 581 581
7299 5338 27078139 0 1425 600 600
7633 5822 26997273 1 1430 587 587
7757 6117 26997729 1 1431 575 575
7860 6431 27017270 1 1441 564 564
8003 6596 27021014 1 1432 553 553
8120 6672 27019771 1 1461 553 553
8219 6689 27013613 1 1471 542 542
8321 6637 26997613 1 1470 542 542
8447 6503 26965857 1 1488 542 542
8586 6313 26919410 1 1495 531 531
8689 6040 26850098 1 1491 531 531
8762 5708 26750697 1 1495 521 521
8819 5332 26606645 1 1506 512 512
8845 4883 26374222 1 1493 513 513
8894 4385 26023556 1 1483 527 527
9072 4019 26617733 1 1526 539 539
8962 3920 29238757 1 1687 545 545
8812 3550 29466747 1 1700 537 537
8755 3218 29479253 1 1712 545 545
8729 2868 29518668 1 1714 543 543
8716 2591 29584345 1 1707 552 552
8709 2361 29671016 1 1723 562 562
8704 2164 29774190 1 1718 572 572
8683 2045 29845509 1 1711 582 582
8639 1980 29879467 1 1724 592 592
8582 1990 29849260 1 1723 592 592
8449 2087 29713639 1 1704 603 603
8266 2239 29498825 1 1692 604 604
7115 3274 28025869 0 1597 622 622
6575 3564 27746561 1 1571 623 623
6376 3639 27693664 1 1568 623 623
6201 3694 27659741 1 1546 613 613
6074 3735 27638209 1 1545 613 613
5980 3790 27615857 1 1523 613 613
5943 3846 27597056 1 1522 603 603
5983 3901 27580501 1 1521 603 603
6075 3966 27561544 1 1510 593 593
6270 4046 27535939 1 1499 582 582
6584 4136 27499592 1 1497 582 582
6981 4254 27431596 1 1503 572 572
7478 4362 27312594 1 1477 573 573
8005 4407 27114836 1 1466 573 573
8543 4379 26683760 1 1453 563 563
8888 4293 26038443 1 1436 570 570
9038 4220 25598393 1 1421 563 563
9104 4191 25554911 1 1419 556 556
9125 4169 25598649 1 1431 553 553
7900 5448 26908057 0 1641 557 557
8030 5288 26855754 1 1637 557 557
8040 5263 26850678 1 1647 547 547
8029 5275 26855535 1 1647 537 537
8037 5170 26849550 1 1657 517 517
