120
1858 5107 27449815 0 1345 727 727
1931 5105 27444039 1 1345 729 729
1955 5229 27478942 1 1346 729 729
2050 5377 27517971 1 1348 730 730
2199 5542 27563352 1 1390 724 724
2384 5706 27613924 1 1353 727 727
2629 5837 27663494 1 1386 711 711
2853 5947 27717487 1 1408 694 694
3062 5992 27755252 1 1430 668 668
3207 5987 27768623 1 1441 649 649
3308 5947 27757643 1 1461 631 631
3379 5844 27696498 1 1468 612 612
3422 5674 27573321 1 1451 602 602
3443 5462 27410875 1 1462 575 575
3457 5155 27191577 1 1451 569 569
3465 4835 27006243 1 1441 555 555
3473 4512 26862180 1 1443 540 540
3473 4189 26752231 1 1447 534 534
3452 3890 26672852 1 1452 517 517
3419 3608 26603694 1 1439 509 509
3376 3399 26554224 1 1446 500 500
3328 3224 26511569 1 1453 491 491
3275 3073 26473085 1 1441 501 501
3230 2977 26448934 1 1440 501 501
3188 2931 26441479 1 1430 510 510
2498 3604 26859319 0 1423 489 489
2541 3639 26860989 1 1404 480 480
2557 3702 26878482 1 1405 480 480
2627 3795 26892395 1 1405 471 471
2735 3874 26891429 1 1405 472 472
2884 3945 26873954 1 1414 473 473
3090 4000 26829600 1 1412 474 474
3337 4013 26750125 1 1408 476 476
3577 3999 26657321 1 1412 479 479
3762 3951 26574538 1 1408 481 481
3911 3857 26500994 1 1404 483 483
3997 3736 26452063 1 1421 485 485
4017 3575 26418631 1 1409 496 496
3990 3410 26392745 1 1418 496 496
3896 3242 26374651 1 1426 506 506
3756 3006 26335360 1 1424 505 505
3587 2767 26283176 1 1421 514 514
3384 2539 26224067 1 1418 513 513
3228 2317 26138252 1 1413 513 513
3101 2170 26074758 1 1401 522 522
3048 2089 26031073 1 1398 522 522
3064 2053 26000824 1 1397 522 522
3128 2035 25973117 1 1386 532 532
3313 2059 25948783 1 1384 534 534
3610 2109 25923389 1 1383 536 536
3982 2202 25924043 1 1383 538 538
4383 2296 25940521 1 1374 541 541
4792 2393 25989368 1 1396 553 553
5087 2444 26041174 1 1399 555 555
5304 2470 26090120 1 1401 556 556
7598 5749 27719333 0 1559 614 614
7636 5766 27724586 1 1570 604 604
7622 5766 27724498 1 1580 584 584
7628 5753 27720919 1 1620 583 583
7637 5588 27673564 1 1657 563 563
7633 5288 27585511 1 1682 563 563
7624 4904 27474796 1 1695 572 572
7603 4467 27361049 1 1668 561 561
7577 4078 27277225 1 1663 560 560
7547 3721 27218954 1 1640 569 569
7516 3459 27189459 1 1628 568 568
7470 3249 27173244 1 1608 578 578
7413 3074 27166440 1 1607 577 577
7363 5443 27608037 0 1453 605 605
7718 5992 27783145 1 1472 593 593
7852 6308 27844275 1 1475 582 582
7960 6638 27888608 1 1488 571 571
8108 6809 27895127 1 1478 560 560
8228 6887 27891636 1 1508 560 560
8330 6904 27883887 1 1518 550 550
8436 6851 27869780 1 1517 549 549
8566 6715 27846504 1 1536 549 549
8710 6523 27817056 1 1545 539 539
8817 6249 27780389 1 1543 539 539
8891 5918 27735871 1 1550 529 529
8943 5548 27683255 1 1567 519 519
8948 5113 27616662 1 1564 519 519
8928 4640 27538183 1 1569 529 529
8892 4144 27449255 1 1574 529 529
8861 3667 27355482 1 1579 539 539
8834 3285 27266496 1 1573 539 539
8823 2966 27170804 1 1578 549 549
8824 2626 27025287 1 1569 549 549
8826 2352 26853247 1 1550 559 559
8826 2121 26653881 1 1548 569 569
8825 1921 26432179 1 1525 580 580
8804 1800 26269716 1 1506 590 590
8759 1734 26161730 1 1510 600 600
8699 1744 26162909 1 1510 600 600
8559 1847 26297275 1 1508 611 611
8363 2015 26556873 1 1523 612 612
7047 3158 27034508 0 1540 616 616
6499 3443 26805276 1 1518 616 616
6297 3511 26719931 1 1513 615 615
6118 3558 26643668 1 1489 605 605
5988 3593 26589752 1 1486 604 604
5892 3644 26552360 1 1465 604 604
5856 3699 26540708 1 1464 594 594
5902 3758 26563624 1 1465 595 595
6004 3830 26614074 1 1458 586 586
6215 3927 26723534 1 1455 577 577
6547 4046 26901330 1 1464 579 579
6956 4204 27108935 1 1486 570 570
7454 4361 27302846 1 1476 571 571
7968 4457 27425146 1 1483 571 571
8493 4512 27492288 1 1497 560 560
8880 4537 27518875 1 1518 570 570
9142 4539 27528096 1 1529 569 569
9322 4515 27528365 1 1529 569 569
9391 4483 27524486 1 1538 569 569
7969 5607 27689579 0 1688 562 562
8090 5445 27656214 1 1686 561 561
8098 5420 27650963 1 1696 551 551
8088 5432 27653118 1 1696 541 541
8087 5320 27628193 1 1705 520 520
