235
3125 4980 1474680 0 1169 534 534
3077 4919 1475110 1 1170 535 535
3037 4919 1475107 1 1180 545 545
2992 4940 1474956 1 1180 545 545
2942 4966 1474779 1 1189 545 545
2871 5003 1474544 1 1199 556 556
2769 5045 1474287 1 1219 556 556
2646 5091 1474031 1 1229 567 567
2520 5143 1473769 1 1229 568 568
2398 5199 1473513 1 1248 569 569
2286 5274 1473191 1 1248 569 569
2183 5361 1472842 1 1248 570 570
2109 5459 1472472 1 1257 560 560
2054 5522 1472259 1 1247 571 571
2028 5571 1472093 1 1257 581 581
2039 5611 1471941 1 1257 581 581
2074 5688 1471636 1 1257 581 581
2216 5842 1470955 1 1256 580 580
2441 6046 1469980 1 1255 578 578
2723 6302 1468703 1 1284 576 576
3034 6557 1467306 1 1283 574 574
3349 6814 1465827 1 1291 563 563
3633 7063 1464425 1 1300 571 571
3895 7252 1463207 1 1309 560 560
4071 7403 1462365 1 1308 559 559
4208 7479 1461764 1 1327 559 559
4320 7488 1461307 1 1307 558 558
4368 7456 1461136 1 1297 558 558
4370 7354 1461223 1 1297 559 559
4351 7186 1461531 1 1298 559 559
4291 6976 1462202 1 1298 560 560
4204 6689 1463383 1 1299 561 561
4097 6366 1465073 1 1301 562 562
4001 6019 1467172 1 1293 552 552
3918 5585 1470192 1 1285 563 563
3840 5149 1473732 1 1288 564 564
3744 4685 1477946 1 1272 564 564
3661 4203 1482739 1 1266 574 574
3587 3768 1487453 1 1260 573 573
3511 3376 1492040 1 1244 573 573
3417 3014 1496577 1 1217 582 582
3312 2701 1500831 1 1220 592 592
3180 2449 1504365 1 1203 602 602
3041 2239 1507517 1 1195 602 602
2897 2082 1509832 1 1177 613 613
2769 2007 1510544 1 1177 613 613
2646 1988 1509973 1 1177 614 614
2558 2018 1508540 1 1175 614 614
2493 2081 1506605 1 1174 615 615
2462 2165 1504599 1 1193 605 605
2436 2285 1502076 1 1191 605 605
2418 2419 1499611 1 1179 595 595
2407 2562 1497251 1 1177 596 596
2417 2734 1494815 1 1185 596 596
2442 2946 1492177 1 1183 597 597
2497 3183 1489627 1 1181 597 597
2604 3478 1486905 1 1169 586 586
2745 3775 1484467 1 1167 586 586
2909 4073 1482181 1 1185 586 586
3079 4341 1480209 1 1183 586 586
3253 4556 1478664 1 1182 585 585
3422 4737 1477338 1 1191 575 575
3579 4898 1476099 1 1190 574 574
3727 5021 1475115 1 1209 574 574
3869 5117 1474294 1 1209 574 574
5269 5056 1475503 0 1199 491 491
5175 4983 1476698 1 1190 491 491
5155 4999 1476405 1 1190 501 501
5155 4999 1476415 1 1200 512 512
5176 5027 1475979 1 1210 532 532
5202 5066 1475327 1 1219 542 542
5227 5134 1474183 1 1208 542 542
5249 5214 1472850 1 1217 553 553
5267 5299 1471429 1 1226 563 563
5276 5388 1470016 1 1225 563 563
5275 5472 1468756 1 1224 563 563
5269 5547 1467698 1 1223 563 563
5261 5602 1466986 1 1222 562 562
5242 5645 1466511 1 1222 562 562
5218 5663 1466412 1 1222 562 562
5194 5647 1466724 1 1222 562 562
5146 5610 1467405 1 1223 562 562
5081 5485 1469242 1 1224 563 563
5007 5303 1471890 1 1236 553 553
4925 5081 1475111 1 1239 553 553
4839 4861 1478297 1 1242 553 553
4779 4688 1480767 1 1244 552 552
4766 4547 1482906 1 1235 542 542
4786 4464 1484321 1 1237 542 542
4839 4430 1485141 1 1237 542 542
4924 4432 1485591 1 1228 552 552
5031 4496 1485063 1 1227 552 552
5156 4608 1483700 1 1226 552 552
5293 4747 1481682 1 1224 552 552
5440 4908 1478970 1 1222 553 553
5549 5025 1476735 1 1230 563 563
5621 5114 1474885 1 1229 563 563
5667 5160 1473871 1 1228 563 563
5680 5174 1473566 1 1228 563 563
5674 5166 1473765 1 1248 563 563
5657 5136 1474440 1 1248 563 563
5624 5064 1476052 1 1250 563 563
5581 4962 1478262 1 1251 563 563
5531 4838 1480895 1 1254 563 563
5498 4733 1483078 1 1256 563 563
5496 4643 1485095 1 1257 562 562
5516 4573 1486837 1 1259 573 573
5557 4535 1488049 1 1260 572 572
5639 4521 1489123 1 1261 572 572
5749 4564 1489127 1 1240 573 573
5879 4653 1488001 1 1239 573 573
6023 4773 1485807 1 1238 573 573
6177 4935 1481646 1 1234 574 574
6336 5091 1476610 1 1240 585 585
6468 5193 1472555 1 1237 585 585
6581 5259 1469290 1 1234 586 586
6620 5276 1468278 1 1253 596 596
6642 5272 1468387 1 1263 586 586
6652 5252 1469321 1 1264 586 586
6662 5199 1472040 1 1276 596 596
6645 5122 1476105 1 1279 596 596
6608 5029 1480818 1 1304 596 596
6552 4929 1485355 1 1308 595 595
6501 4843 1488816 1 1311 595 595
6453 4765 1491580 1 1293 594 594
6439 4737 1492573 1 1294 594 594
6448 4737 1492727 1 1294 594 594
6474 4751 1492594 1 1284 605 605
6543 4806 1491275 1 1282 605 605
6646 4898 1488318 1 1280 606 606
6769 5012 1483474 1 1276 607 607
6912 5115 1477803 1 1271 608 608
7058 5193 1471819 1 1266 609 609
7205 5252 1464913 1 1260 610 610
7308 5287 1458716 1 1264 600 600
7369 5296 1455579 1 1271 611 611
7400 5293 1454809 1 1271 611 611
7404 5266 1458788 1 1294 601 601
7372 5220 1466767 1 1311 611 611
7321 5153 1476806 1 1320 611 611
7264 5086 1485050 1 1327 610 610
7214 5036 1489973 1 1332 609 609
7192 4999 1493450 1 1325 619 619
7190 4988 1494564 1 1326 619 619
7203 4999 1493833 1 1325 619 619
7254 5025 1492578 1 1324 620 620
7332 5082 1487535 1 1319 621 621
7434 5146 1479353 1 1312 622 622
7568 5205 1466684 1 1301 624 624
7717 5240 1447569 1 1284 625 625
7847 5235 1425136 1 1264 625 625
7927 5210 1402270 1 1244 623 623
7952 5194 1393717 1 1236 619 619
7951 5193 1399092 1 1269 614 614
7950 5191 1411169 1 1280 611 611
7950 5187 1437498 1 1304 609 609
7950 5181 1471622 1 1345 610 610
7951 5175 1512365 1 1382 610 610
7952 5170 1551919 1 1418 610 610
7953 5165 1587232 1 1440 618 618
7949 5148 1616108 1 1466 613 613
7936 5081 1616985 1 1467 608 608
7945 5066 1619291 1 1447 602 602
7963 5067 1616546 1 1445 593 593
7979 5085 1599353 1 1429 582 582
8051 5065 1552043 1 1387 572 572
8264 5061 1500062 1 1340 570 570
8567 5135 1472766 1 1316 573 573
8840 5246 1464006 1 1308 576 576
9032 5365 1462158 1 1307 577 577
9171 5464 1463255 1 1308 578 578
9233 5528 1464353 1 1309 579 579
9237 5567 1464415 1 1309 579 579
9206 5587 1463573 1 1308 579 579
9127 5572 1461486 1 1326 579 579
9007 5535 1458540 1 1323 578 578
8854 5458 1455979 1 1321 577 577
8689 5362 1455437 1 1320 575 575
8522 5263 1458935 1 1323 573 573
8347 5173 1469934 1 1333 570 570
8175 5115 1492956 1 1354 568 568
8071 5087 1529164 1 1387 569 569
8063 5043 1557358 1 1413 574 574
8092 4959 1571291 1 1425 579 579
8152 4863 1568167 1 1422 581 581
8266 4776 1552797 1 1408 581 581
8437 4706 1532572 1 1390 580 580
8669 4689 1508714 1 1348 579 579
8949 4714 1487149 1 1329 580 580
9258 4776 1469651 1 1323 590 590
9548 4860 1456664 1 1311 590 590
9781 4949 1447082 1 1303 590 590
9968 5032 1438673 1 1295 588 588
10083 5144 1435271 1 1311 594 594
10055 5448 1481932 1 1334 582 582
10801 6160 1636335 1 1473 616 616
11176 6017 1569860 1 1434 640 640
11265 6013 1546283 1 1413 640 640
11327 6010 1536945 1 1404 640 640
11317 6019 1537572 1 1405 640 640
11224 6046 1547760 1 1414 638 638
11041 6087 1567441 1 1432 634 634
10579 6067 1579290 1 1443 618 618
10168 5771 1524045 1 1413 614 614
9974 5548 1485303 1 1377 614 614
9819 5426 1471483 1 1364 616 616
9715 5342 1466074 1 1359 616 616
9649 5284 1463713 1 1357 616 616
9641 5239 1462002 1 1365 607 607
9677 5201 1459892 1 1364 607 607
9744 5138 1455515 1 1359 607 607
9860 5070 1447609 1 1372 598 598
10016 4990 1432917 1 1358 598 598
10223 4869 1405175 1 1331 600 600
10514 4721 1372184 1 1300 608 608
10807 4659 1365379 1 1303 627 627
11014 4642 1379409 1 1316 632 632
11033 4591 1388215 1 1343 632 632
10925 4491 1395407 1 1369 639 639
10757 4390 1404155 1 1378 636 636
10523 4278 1417702 1 1410 633 633
10238 4159 1435231 1 1428 631 631
9926 4024 1455277 1 1467 639 639
9578 3888 1478115 1 1490 639 639
9189 3740 1504781 1 1528 630 630
8783 3574 1531045 1 1554 633 633
8382 3379 1549014 1 1572 637 637
7986 3173 1556033 1 1580 642 642
7629 2969 1558123 1 1592 636 636
7289 2780 1559202 1 1593 639 639
7028 2654 1558676 1 1593 640 640
6848 2573 1557786 1 1592 631 631
6723 2527 1556820 1 1591 631 631
6689 2515 1556545 1 1591 632 632
6726 2526 1556925 1 1570 631 631
