235
3055 4872 1442585 0 1144 523 523
3014 4813 1443542 1 1145 524 524
2976 4816 1444422 1 1155 534 534
2930 4841 1445406 1 1156 534 534
2881 4871 1446423 1 1167 534 534
2810 4912 1447785 1 1178 544 544
2708 4960 1449586 1 1199 544 544
2585 5013 1451545 1 1210 554 554
2459 5072 1453331 1 1212 554 554
2337 5133 1454872 1 1233 554 554
2223 5212 1456123 1 1234 554 554
2119 5304 1457161 1 1235 553 553
2043 5404 1457847 1 1245 543 543
1987 5470 1458348 1 1235 552 552
1960 5520 1458592 1 1246 562 562
1969 5560 1458520 1 1246 561 561
2001 5636 1458293 1 1245 561 561
2135 5788 1457412 1 1245 559 559
2349 5990 1456363 1 1244 556 556
2614 6246 1455815 1 1273 553 553
2908 6507 1455964 1 1273 551 551
3207 6773 1456931 1 1284 539 539
3479 7034 1458506 1 1295 547 547
3732 7236 1459967 1 1306 537 537
3905 7397 1461246 1 1307 536 536
4039 7480 1461994 1 1328 536 536
4147 7493 1462276 1 1308 536 536
4192 7461 1462158 1 1298 536 536
4191 7355 1461432 1 1297 536 536
4167 7179 1460073 1 1296 536 536
4104 6957 1458106 1 1294 535 535
4015 6651 1455036 1 1292 536 536
3909 6305 1451022 1 1288 536 536
3818 5932 1446004 1 1274 527 527
3749 5464 1438433 1 1257 539 539
3699 4995 1429627 1 1250 543 543
3660 4507 1422001 1 1224 551 551
3667 4044 1426493 1 1218 575 575
3669 3702 1461639 1 1238 586 586
3590 3428 1514966 1 1263 585 585
3442 3127 1552922 1 1263 586 586
3292 2826 1570406 1 1277 589 589
3137 2567 1576541 1 1261 594 594
2985 2345 1579468 1 1252 591 591
2836 2179 1579927 1 1231 600 600
2708 2096 1577488 1 1229 599 599
2587 2071 1572592 1 1225 600 600
2502 2096 1566900 1 1221 601 601
2441 2155 1560612 1 1216 602 602
2415 2237 1554845 1 1233 593 593
2395 2355 1547572 1 1227 595 595
2384 2484 1540160 1 1211 587 587
2379 2623 1532628 1 1205 589 589
2398 2788 1524459 1 1209 591 591
2432 2990 1514654 1 1201 594 594
2496 3214 1503948 1 1192 597 597
2612 3486 1490486 1 1171 588 588
2758 3754 1476133 1 1160 589 589
2916 4016 1461398 1 1168 587 587
3067 4250 1449166 1 1159 584 584
3217 4438 1440349 1 1152 579 579
3359 4599 1434395 1 1156 564 564
3486 4749 1431124 1 1154 560 560
3608 4865 1429406 1 1172 556 556
3726 4958 1428600 1 1171 553 553
4891 4909 1432530 0 1164 456 456
4803 4818 1427721 1 1151 456 456
4788 4834 1427627 1 1151 466 466
4788 4834 1427637 1 1160 475 475
4809 4867 1429105 1 1171 494 494
4835 4914 1430989 1 1183 504 504
4863 4993 1433519 1 1175 505 505
4890 5084 1436117 1 1187 515 515
4913 5181 1438602 1 1199 525 525
4928 5281 1440801 1 1200 526 526
4935 5374 1442605 1 1202 526 526
4935 5458 1444069 1 1203 527 527
4932 5518 1445045 1 1204 527 527
4920 5565 1445614 1 1204 528 528
4899 5582 1445599 1 1204 528 528
4877 5563 1444966 1 1204 528 528
4831 5518 1443522 1 1203 528 528
4765 5375 1439786 1 1200 528 528
4688 5165 1433808 1 1204 517 517
4604 4909 1425131 1 1197 517 517
4520 4650 1414052 1 1188 516 516
4461 4443 1403203 1 1179 516 516
4440 4272 1393258 1 1161 505 505
4444 4173 1387455 1 1156 503 503
4473 4138 1387199 1 1156 501 501
4530 4153 1392354 1 1151 508 508
4620 4248 1402897 1 1159 507 507
4737 4394 1414763 1 1169 507 507
4873 4568 1425631 1 1178 509 509
5022 4762 1435047 1 1186 510 510
5133 4903 1440792 1 1200 521 521
5207 5008 1444294 1 1203 522 522
5254 5064 1446255 1 1205 522 522
5267 5080 1446787 1 1205 522 522
5261 5071 1446547 1 1225 522 522
5242 5036 1445678 1 1224 522 522
5204 4953 1443743 1 1222 521 521
5153 4837 1440990 1 1220 520 520
5093 4696 1437507 1 1217 518 518
5050 4579 1434864 1 1215 517 517
5035 4483 1433952 1 1214 515 515
5042 4413 1434712 1 1215 523 523
5073 4380 1437048 1 1217 523 523
5147 4377 1441615 1 1220 522 522
5256 4434 1446728 1 1205 524 524
5391 4539 1451572 1 1209 525 525
5540 4677 1456044 1 1213 527 527
5699 4863 1460082 1 1216 530 530
5862 5048 1463927 1 1229 541 541
5994 5173 1466861 1 1232 542 542
6105 5259 1469194 1 1234 543 543
6143 5283 1469984 1 1254 553 553
6163 5279 1470435 1 1265 544 544
6170 5257 1470683 1 1265 543 543
6174 5196 1471040 1 1275 553 553
6151 5105 1470979 1 1275 552 552
6109 4995 1470677 1 1295 551 551
6051 4879 1470126 1 1294 550 550
5998 4781 1469701 1 1294 549 549
5948 4694 1469350 1 1274 548 548
5934 4663 1469347 1 1274 548 548
5943 4664 1469608 1 1274 548 548
5968 4679 1470133 1 1264 557 557
6037 4742 1471248 1 1265 558 558
6137 4847 1472739 1 1267 559 559
6258 4982 1474469 1 1268 561 561
6396 5111 1476602 1 1270 562 562
6534 5218 1478801 1 1272 563 563
6673 5309 1480959 1 1274 565 565
6770 5373 1482409 1 1285 556 556
6826 5397 1483293 1 1296 566 566
6853 5399 1483789 1 1296 566 566
6850 5357 1484031 1 1316 556 556
6814 5281 1483914 1 1326 565 565
6763 5177 1483734 1 1326 564 564
6710 5081 1483503 1 1326 563 563
6665 5013 1483215 1 1326 563 563
6646 4965 1483282 1 1316 572 572
6645 4951 1483407 1 1316 572 572
6656 4964 1483513 1 1316 572 572
6701 4997 1484146 1 1316 572 572
6770 5072 1484835 1 1317 573 573
6859 5168 1485748 1 1318 574 574
6977 5277 1487075 1 1319 575 575
7114 5389 1488666 1 1320 576 576
7243 5474 1490237 1 1322 577 577
7348 5541 1491451 1 1323 578 578
7434 5563 1492694 1 1324 578 578
7490 5545 1493765 1 1355 578 578
7523 5499 1494719 1 1356 578 578
7538 5398 1495928 1 1357 578 578
7530 5271 1497063 1 1368 577 577
7521 5128 1498426 1 1370 577 577
7513 4996 1499748 1 1371 576 576
7537 4886 1501476 1 1362 585 585
7580 4789 1503453 1 1364 585 585
7637 4730 1505291 1 1366 585 585
7725 4715 1507172 1 1347 585 585
7866 4732 1509704 1 1349 586 586
8045 4808 1512214 1 1351 587 587
8282 4944 1514903 1 1354 589 589
8557 5119 1517349 1 1356 591 591
8858 5298 1519501 1 1358 593 593
9128 5450 1520875 1 1359 595 595
9324 5581 1521004 1 1359 596 596
9467 5679 1520836 1 1359 597 597
9530 5740 1520346 1 1359 597 597
9532 5777 1519640 1 1358 597 597
9498 5798 1518887 1 1357 597 597
9415 5788 1518175 1 1377 597 597
9291 5758 1517309 1 1376 596 596
9139 5686 1516724 1 1376 595 595
8980 5587 1516315 1 1375 594 594
8825 5469 1516053 1 1375 593 593
8665 5334 1515780 1 1375 592 592
8501 5192 1515278 1 1374 591 591
8359 5040 1515071 1 1374 589 589
8269 4907 1515390 1 1375 589 589
8214 4785 1516128 1 1375 588 588
8241 4707 1517862 1 1377 588 588
8369 4679 1521067 1 1380 588 588
8566 4684 1525356 1 1384 589 589
8834 4755 1530069 1 1367 590 590
9146 4864 1534483 1 1371 593 593
9490 4998 1537801 1 1384 605 605
9820 5135 1539092 1 1386 607 607
10099 5262 1538578 1 1385 609 609
10344 5376 1537127 1 1384 611 611
10561 5501 1534642 1 1402 622 622
10753 5631 1531665 1 1379 623 623
10930 5755 1528790 1 1376 624 624
11079 5851 1526584 1 1395 634 634
11175 5930 1524825 1 1393 635 635
11236 5960 1524139 1 1393 635 635
11230 5966 1524040 1 1393 635 635
11158 5955 1524360 1 1393 635 635
11039 5923 1525105 1 1394 634 634
10840 5863 1526300 1 1395 633 633
10627 5785 1527664 1 1417 642 642
10407 5709 1528597 1 1417 641 641
10205 5639 1529139 1 1418 640 640
10075 5574 1529781 1 1418 639 639
9993 5524 1530338 1 1419 639 639
9981 5487 1531198 1 1430 629 629
10020 5459 1532324 1 1431 629 629
10091 5415 1534180 1 1433 629 629
10219 5381 1536270 1 1456 620 620
10391 5357 1538233 1 1458 621 621
10590 5336 1539873 1 1459 622 622
10780 5303 1541426 1 1461 623 623
10931 5265 1542719 1 1472 634 634
11058 5198 1544709 1 1474 634 634
11085 5117 1547449 1 1498 635 635
11019 4996 1552309 1 1523 644 644
10887 4871 1557954 1 1529 643 643
10673 4723 1565042 1 1557 642 642
10376 4555 1571941 1 1564 639 639
10019 4358 1576184 1 1589 645 645
9602 4137 1572869 1 1586 640 640
9128 3878 1560152 1 1584 626 626
8637 3602 1542827 1 1566 622 622
8153 3334 1528274 1 1551 620 620
7687 3100 1519994 1 1543 618 618
7282 2893 1518216 1 1551 607 607
6916 2713 1521567 1 1555 606 606
6646 2601 1527185 1 1561 605 605
6463 2531 1532617 1 1566 595 595
6336 2494 1536926 1 1571 595 595
6302 2485 1538190 1 1572 595 595
6340 2493 1536856 1 1550 595 595
