235
3008 4980 1474651 0 1169 515 515
2960 4917 1474520 1 1169 514 514
2921 4917 1474484 1 1179 524 524
2876 4939 1474473 1 1179 524 524
2827 4965 1474466 1 1189 524 524
2758 5002 1474452 1 1199 534 534
2657 5045 1474423 1 1219 534 534
2535 5092 1474390 1 1229 543 543
2410 5145 1474371 1 1229 543 543
2289 5202 1474367 1 1249 543 543
2179 5278 1474391 1 1249 543 543
2077 5367 1474432 1 1249 542 542
2004 5466 1474492 1 1259 532 532
1950 5530 1474529 1 1249 542 542
1924 5580 1474565 1 1259 552 552
1935 5621 1474607 1 1259 552 552
1970 5700 1474679 1 1259 552 552
2112 5857 1474825 1 1259 552 552
2337 6067 1474998 1 1260 553 553
2619 6329 1475150 1 1290 554 554
2930 6593 1475227 1 1290 555 555
3247 6858 1475213 1 1300 545 545
3533 7114 1475129 1 1310 556 556
3797 7311 1475013 1 1320 546 546
3976 7466 1474925 1 1319 546 546
4115 7546 1474853 1 1339 546 546
4227 7557 1474783 1 1319 546 546
4274 7525 1474750 1 1309 546 546
4275 7422 1474745 1 1309 546 546
4252 7251 1474767 1 1309 547 547
4189 7037 1474859 1 1309 547 547
4098 6743 1475054 1 1310 547 547
3986 6411 1475356 1 1310 547 547
3886 6054 1475721 1 1300 536 536
3798 5608 1476156 1 1290 546 546
3717 5158 1476331 1 1291 546 546
3619 4677 1475718 1 1270 545 545
3536 4178 1473834 1 1258 554 554
3466 3726 1471028 1 1246 554 554
3398 3322 1468063 1 1224 554 554
3313 2951 1465476 1 1192 564 564
3215 2634 1463574 1 1190 575 575
3089 2381 1462405 1 1169 585 585
2954 2170 1461578 1 1159 585 585
2813 2015 1461113 1 1139 595 595
2686 1942 1461133 1 1139 595 595
2563 1924 1461530 1 1139 594 594
2475 1956 1462131 1 1139 594 594
2409 2020 1462859 1 1140 594 594
2376 2106 1463573 1 1160 584 584
2348 2228 1464470 1 1161 584 584
2329 2364 1465363 1 1152 573 573
2315 2509 1466240 1 1152 573 573
2323 2684 1467163 1 1163 573 573
2345 2899 1468203 1 1164 573 573
2396 3140 1469257 1 1165 573 573
2499 3439 1470460 1 1156 563 563
2636 3742 1471629 1 1157 563 563
2796 4048 1472794 1 1177 563 563
2962 4322 1473821 1 1178 564 564
3133 4543 1474650 1 1179 564 564
3301 4730 1475343 1 1189 554 554
3456 4897 1475908 1 1190 555 555
3603 5025 1476341 1 1210 555 555
3745 5125 1476688 1 1211 556 556
5144 5075 1480896 0 1204 480 480
5049 5000 1481596 1 1194 479 479
5028 5016 1481389 1 1194 489 489
5028 5016 1481399 1 1204 499 499
5050 5044 1481165 1 1214 519 519
5077 5085 1480795 1 1224 529 529
5102 5155 1480124 1 1213 529 529
5124 5237 1479361 1 1223 539 539
5143 5325 1478587 1 1232 550 550
5151 5417 1477871 1 1231 549 549
5150 5504 1477285 1 1231 549 549
5144 5582 1476831 1 1230 549 549
5137 5639 1476549 1 1230 549 549
5119 5683 1476384 1 1230 549 549
5094 5701 1476378 1 1230 549 549
5071 5685 1476530 1 1230 549 549
5022 5646 1476847 1 1230 549 549
4956 5517 1477658 1 1231 549 549
4881 5328 1478852 1 1242 539 539
4797 5099 1480269 1 1243 538 538
4708 4871 1481377 1 1244 538 538
4645 4692 1481834 1 1245 537 537
4629 4545 1482135 1 1235 526 526
4647 4459 1482456 1 1235 526 526
4699 4424 1483141 1 1236 526 526
4785 4428 1484363 1 1227 536 536
4895 4498 1485680 1 1228 537 537
5025 4616 1486238 1 1228 538 538
5169 4759 1485415 1 1227 539 539
5320 4922 1483202 1 1226 540 540
5430 5041 1481162 1 1234 551 551
5502 5130 1479593 1 1233 551 551
5548 5177 1478724 1 1232 551 551
5560 5192 1478480 1 1232 551 551
5555 5183 1478627 1 1252 551 551
5538 5153 1479125 1 1252 551 551
5506 5079 1480318 1 1253 551 551
5464 4975 1482093 1 1255 551 551
5415 4849 1484448 1 1257 551 551
5383 4744 1486566 1 1258 551 551
5383 4654 1488613 1 1260 551 551
5405 4584 1490504 1 1262 561 561
5449 4547 1491813 1 1263 561 561
5539 4532 1492534 1 1264 562 562
5657 4569 1490822 1 1242 563 563
5792 4649 1486789 1 1238 564 564
5933 4760 1481654 1 1234 565 565
6075 4917 1476076 1 1230 565 565
6219 5073 1471341 1 1236 574 574
6338 5178 1468190 1 1233 574 574
6440 5247 1465857 1 1231 573 573
6476 5265 1465102 1 1250 583 583
6497 5259 1464721 1 1260 573 573
6507 5235 1464575 1 1260 573 573
6521 5172 1464493 1 1269 584 584
6512 5084 1465090 1 1270 584 584
6487 4980 1466343 1 1291 585 585
6447 4873 1468319 1 1293 586 586
6410 4783 1470327 1 1294 587 587
6374 4704 1472405 1 1276 587 587
6364 4675 1473122 1 1277 587 587
6373 4674 1472876 1 1277 587 587
6397 4685 1472037 1 1266 597 597
6457 4736 1469647 1 1264 597 597
6543 4826 1466288 1 1261 596 596
6643 4942 1462696 1 1258 595 595
6760 5051 1459195 1 1255 594 594
6881 5137 1456089 1 1252 593 593
7002 5210 1453303 1 1250 592 592
7086 5261 1451590 1 1258 582 582
7136 5278 1450547 1 1267 591 591
7161 5276 1449907 1 1266 591 591
7165 5232 1449359 1 1286 581 581
7143 5157 1449240 1 1295 592 592
7111 5058 1449431 1 1295 593 593
7076 4967 1450090 1 1296 594 594
7044 4904 1451003 1 1297 595 595
7034 4858 1451356 1 1287 605 605
7036 4844 1451326 1 1287 606 606
7044 4856 1451044 1 1287 605 605
7083 4881 1449754 1 1286 605 605
7136 4947 1448153 1 1284 604 604
7204 5031 1446448 1 1283 603 603
7297 5127 1444621 1 1281 602 602
7406 5224 1443117 1 1280 600 600
7511 5297 1442061 1 1279 598 598
7595 5357 1441718 1 1279 597 597
7669 5369 1440748 1 1278 596 596
7719 5342 1439162 1 1306 596 596
7753 5286 1436968 1 1304 596 596
7778 5170 1432840 1 1300 596 596
7788 5027 1427756 1 1305 597 597
7803 4864 1421490 1 1299 598 598
7821 4715 1415341 1 1294 600 600
7865 4582 1408166 1 1277 611 611
7923 4457 1399258 1 1269 612 612
7980 4366 1389514 1 1261 611 611
8028 4320 1380781 1 1234 608 608
8095 4329 1380867 1 1234 603 603
8210 4411 1387295 1 1240 599 599
8370 4562 1398069 1 1249 595 595
8572 4775 1415260 1 1265 592 592
8813 5004 1435275 1 1283 590 590
9047 5207 1453036 1 1298 589 589
9231 5380 1465991 1 1310 590 590
9372 5506 1474655 1 1318 591 591
9438 5581 1478424 1 1321 592 592
9445 5622 1478951 1 1322 592 592
9417 5641 1477752 1 1320 592 592
9341 5620 1474194 1 1337 592 592
9227 5573 1468725 1 1332 592 592
9086 5477 1461205 1 1325 592 592
8941 5351 1452332 1 1317 592 592
8803 5204 1442495 1 1308 592 592
8666 5036 1431119 1 1298 592 592
8534 4861 1418811 1 1287 593 593
8426 4678 1406137 1 1275 594 594
8362 4518 1395358 1 1266 595 595
8326 4374 1385915 1 1257 596 596
8347 4279 1379913 1 1252 595 595
8430 4236 1377160 1 1249 592 592
8551 4239 1380531 1 1252 588 588
8730 4345 1398030 1 1249 584 584
8969 4514 1423845 1 1272 581 581
9260 4726 1454279 1 1309 590 590
9569 4958 1485959 1 1338 592 592
9868 5174 1512987 1 1362 595 595
10164 5357 1531677 1 1379 600 600
10445 5517 1539244 1 1407 615 615
10692 5656 1538334 1 1385 619 619
10907 5775 1534123 1 1381 622 622
11080 5864 1530030 1 1398 634 634
11187 5937 1526539 1 1395 635 635
11254 5964 1525135 1 1394 636 636
11248 5970 1524959 1 1393 636 636
11168 5960 1525637 1 1394 635 635
11036 5930 1526886 1 1395 634 634
10809 5869 1527812 1 1396 632 632
10562 5782 1526879 1 1416 638 638
10306 5685 1521960 1 1411 635 635
10076 5583 1514103 1 1404 632 632
9928 5494 1507814 1 1398 630 630
9835 5426 1503250 1 1394 628 628
9815 5385 1502705 1 1404 618 618
9846 5363 1505581 1 1406 618 618
9906 5334 1511188 1 1411 617 617
10029 5330 1521778 1 1442 608 608
10211 5350 1536437 1 1456 610 610
10445 5380 1552557 1 1471 613 613
10687 5387 1565749 1 1484 618 618
10894 5368 1573178 1 1501 632 632
11079 5313 1578907 1 1507 636 636
11133 5250 1587625 1 1537 637 637
11059 5187 1611749 1 1582 647 647
10812 5165 1651860 1 1621 639 639
10135 4930 1633566 1 1625 609 609
9743 4251 1466949 1 1459 600 600
9560 3906 1412732 1 1425 615 615
9258 3689 1402366 1 1414 617 617
8816 3496 1406430 1 1428 604 604
8480 3429 1468792 1 1491 611 611
8522 3441 1577097 1 1601 648 648
8237 3189 1563889 1 1588 662 662
7805 2915 1529929 1 1563 651 651
7417 2692 1509814 1 1543 650 650
7131 2548 1496429 1 1529 649 649
6935 2457 1487682 1 1520 639 639
6800 2405 1481699 1 1514 639 639
6763 2391 1480130 1 1512 639 639
6803 2404 1481945 1 1494 639 639
