235
2706 5032 1489987 0 1182 463 463
2658 4965 1489012 1 1181 462 462
2619 4965 1488936 1 1191 470 470
2575 4988 1489147 1 1191 469 469
2527 5016 1489405 1 1201 468 468
2458 5054 1489725 1 1212 476 476
2359 5099 1490010 1 1232 474 474
2240 5147 1490242 1 1242 480 480
2117 5201 1490493 1 1243 477 477
1999 5260 1490759 1 1263 474 474
1890 5338 1491221 1 1263 471 471
1791 5430 1491791 1 1264 468 468
1720 5533 1492500 1 1275 457 457
1668 5599 1492900 1 1265 463 463
1643 5651 1493259 1 1275 471 471
1655 5694 1493670 1 1276 472 472
1690 5776 1494483 1 1276 473 473
1832 5943 1496364 1 1278 479 479
2058 6166 1499012 1 1280 487 487
2341 6446 1502338 1 1313 495 495
2655 6730 1505896 1 1317 503 503
2977 7017 1509568 1 1330 500 500
3271 7297 1512959 1 1343 514 514
3544 7513 1515877 1 1356 510 510
3731 7683 1517817 1 1358 512 512
3876 7773 1519228 1 1380 514 514
3990 7791 1520365 1 1360 516 516
4036 7761 1520869 1 1350 516 516
4030 7654 1520873 1 1350 515 515
3998 7476 1520467 1 1350 514 514
3921 7248 1519221 1 1349 512 512
3814 6933 1516771 1 1347 509 509
3688 6574 1512972 1 1343 506 506
3577 6187 1508124 1 1329 494 494
3483 5703 1501283 1 1312 501 501
3403 5219 1493876 1 1306 499 499
3311 4710 1486099 1 1279 499 499
3234 4190 1478074 1 1262 507 507
3163 3723 1469683 1 1245 505 505
3088 3301 1459075 1 1216 503 503
2994 2908 1444018 1 1174 510 510
2892 2565 1425289 1 1159 517 517
2769 2290 1406446 1 1125 524 524
2641 2062 1388919 1 1101 523 523
2507 1897 1375696 1 1072 530 530
2385 1821 1370516 1 1068 528 528
2266 1806 1371303 1 1069 525 525
2179 1841 1376324 1 1072 523 523
2113 1911 1383706 1 1078 521 521
2080 2002 1391735 1 1103 511 511
2051 2133 1401847 1 1111 510 510
2030 2277 1411642 1 1109 500 500
2015 2431 1420870 1 1117 499 499
2022 2616 1430412 1 1134 499 499
2043 2844 1440475 1 1142 499 499
2093 3098 1449995 1 1149 500 500
2195 3414 1459846 1 1147 494 494
2332 3733 1468103 1 1154 498 498
2493 4054 1475056 1 1179 502 502
2659 4341 1480403 1 1184 506 506
2829 4573 1484282 1 1187 509 509
2995 4769 1487345 1 1199 503 503
3148 4944 1489982 1 1201 505 505
3292 5078 1492000 1 1223 507 507
3430 5184 1493620 1 1224 509 509
4769 5067 1478648 0 1202 445 445
4689 4987 1477808 1 1191 445 445
4668 5008 1479035 1 1192 454 454
4668 5008 1479045 1 1202 463 463
4685 5039 1479713 1 1213 482 482
4706 5086 1480914 1 1224 491 491
4723 5168 1483681 1 1216 490 490
4737 5265 1487385 1 1229 499 499
4749 5373 1491840 1 1243 507 507
4754 5486 1496772 1 1247 507 507
4753 5594 1501485 1 1251 507 507
4749 5690 1505552 1 1254 507 507
4744 5760 1508320 1 1257 507 507
4730 5813 1510232 1 1258 507 507
4708 5834 1510775 1 1259 507 507
4686 5813 1509839 1 1258 507 507
4641 5764 1507798 1 1256 507 507
4579 5608 1502127 1 1251 507 507
4512 5384 1494620 1 1255 498 498
4446 5122 1486952 1 1249 499 499
4378 4870 1481197 1 1244 500 500
4331 4679 1477776 1 1241 501 501
4330 4523 1474924 1 1229 492 492
4357 4430 1472911 1 1227 493 493
4413 4389 1471128 1 1226 494 494
4501 4382 1468995 1 1214 504 504
4603 4442 1467141 1 1212 505 505
4715 4552 1465628 1 1211 505 505
4832 4693 1464742 1 1210 504 504
4949 4863 1465348 1 1211 503 503
5031 4993 1467083 1 1222 510 510
5079 5097 1470093 1 1225 509 509
5112 5153 1471835 1 1226 508 508
5120 5171 1472529 1 1227 508 508
5117 5160 1472019 1 1246 508 508
5107 5122 1470264 1 1245 508 508
5091 5030 1466191 1 1241 510 510
5072 4907 1461653 1 1237 512 512
5049 4762 1457658 1 1234 514 514
5038 4644 1454977 1 1232 516 516
5054 4540 1451999 1 1229 517 517
5088 4456 1448970 1 1227 528 528
5139 4407 1445836 1 1224 529 529
5228 4375 1440886 1 1220 531 531
5335 4398 1435008 1 1195 531 531
5452 4466 1428182 1 1190 531 531
5572 4562 1420206 1 1183 530 530
5683 4699 1410838 1 1175 528 528
5808 4806 1393779 1 1170 536 536
5987 4818 1366188 1 1147 542 542
6330 4857 1356936 1 1139 563 563
6469 4934 1372865 1 1171 582 582
6502 4965 1382863 1 1189 574 574
6482 4950 1384756 1 1191 571 571
6424 4892 1385162 1 1201 575 575
6335 4800 1383089 1 1199 568 568
6250 4698 1383273 1 1218 564 564
6173 4595 1384724 1 1219 561 561
6122 4510 1386490 1 1221 560 560
6080 4435 1388374 1 1203 560 560
6071 4408 1388942 1 1204 560 560
6082 4406 1388461 1 1203 561 561
6109 4416 1387289 1 1193 571 571
6181 4464 1385018 1 1191 572 572
6294 4558 1384797 1 1191 574 574
6454 4707 1393336 1 1198 578 578
6640 4909 1418267 1 1220 584 584
6787 5113 1449193 1 1246 585 585
6901 5288 1474922 1 1268 584 584
6977 5401 1490115 1 1292 573 573
7019 5444 1496225 1 1307 582 582
7039 5449 1497693 1 1308 581 581
7030 5385 1491586 1 1323 570 570
6990 5259 1477959 1 1321 580 580
6934 5089 1458321 1 1303 578 578
6877 4930 1439296 1 1286 577 577
6832 4818 1425695 1 1274 577 577
6810 4743 1417182 1 1257 586 586
6807 4723 1415039 1 1255 586 586
6817 4744 1417660 1 1257 586 586
6855 4798 1425151 1 1264 586 586
6917 4924 1441532 1 1279 586 586
6997 5089 1462904 1 1298 586 586
7103 5279 1487633 1 1319 586 586
7233 5473 1511775 1 1341 586 586
7364 5619 1529765 1 1357 587 587
7478 5730 1542129 1 1368 588 588
7572 5775 1549623 1 1374 589 589
7627 5767 1553511 1 1409 589 589
7651 5722 1555433 1 1411 588 588
7634 5611 1555124 1 1411 585 585
7565 5457 1549765 1 1417 580 580
7457 5256 1535860 1 1404 572 572
7337 5021 1507139 1 1378 563 563
7252 4783 1469923 1 1334 563 563
7204 4506 1414658 1 1283 556 556
7214 4262 1356336 1 1230 553 553
7236 4036 1290023 1 1153 548 548
7660 3253 1037922 1 927 571 571
9342 4447 1398630 1 1250 682 682
9133 4875 1493796 1 1335 649 649
9209 5060 1499798 1 1340 636 636
9385 5218 1496664 1 1337 628 628
9563 5353 1493637 1 1335 623 623
9683 5487 1495251 1 1336 619 619
9764 5598 1499258 1 1340 616 616
9792 5686 1506097 1 1346 614 614
9786 5752 1513034 1 1352 613 613
9761 5793 1517746 1 1356 614 614
9704 5789 1518597 1 1378 615 615
9615 5765 1519105 1 1378 617 617
9508 5691 1518216 1 1377 619 619
9398 5592 1517874 1 1377 622 622
9297 5477 1518065 1 1377 625 625
9204 5345 1518831 1 1378 629 629
9125 5209 1520456 1 1379 634 634
9106 5034 1513254 1 1373 642 642
9153 4783 1477216 1 1340 651 651
9160 4415 1398817 1 1269 655 655
9102 4209 1357259 1 1231 649 649
9146 4218 1371375 1 1244 643 643
9274 4275 1392130 1 1263 638 638
9477 4392 1413283 1 1263 633 633
9723 4514 1423844 1 1272 630 630
10012 4628 1424072 1 1282 638 638
10323 4727 1416785 1 1275 638 638
10643 4829 1412156 1 1271 642 642
10964 4983 1424689 1 1283 647 647
11219 5202 1451322 1 1326 661 661
11400 5425 1475538 1 1328 660 660
11542 5611 1490661 1 1342 659 659
11658 5741 1497816 1 1369 668 668
11732 5841 1501967 1 1372 666 666
11781 5877 1502896 1 1373 666 666
11776 5885 1503308 1 1374 666 666
11716 5874 1503779 1 1374 666 666
11622 5839 1503589 1 1374 668 668
11469 5769 1501872 1 1372 670 670
11321 5658 1494141 1 1385 684 684
11177 5497 1471612 1 1365 688 688
10948 5213 1413715 1 1311 687 687
10621 5065 1390098 1 1289 674 674
10451 5051 1399228 1 1297 668 668
10443 5030 1403723 1 1311 658 658
10519 5002 1404117 1 1311 660 660
10636 4967 1407316 1 1314 663 663
10813 4957 1415213 1 1341 656 656
11009 4972 1427840 1 1353 658 658
11203 4991 1440356 1 1365 658 658
11368 4981 1447833 1 1372 657 657
11496 4952 1451247 1 1385 666 666
11598 4884 1451318 1 1385 665 665
11611 4787 1447590 1 1401 665 665
11538 4632 1439237 1 1412 675 675
11403 4469 1429198 1 1402 674 674
11191 4274 1416472 1 1409 673 673
10905 4064 1402532 1 1395 672 672
10571 3837 1387742 1 1399 681 681
10185 3603 1369754 1 1381 679 679
9721 3340 1343832 1 1364 666 666
9179 3067 1313984 1 1334 661 661
8594 2838 1301003 1 1321 653 653
8047 2688 1318003 1 1338 647 647
7630 2559 1343219 1 1373 636 636
7284 2415 1354680 1 1384 638 638
7028 2308 1355438 1 1385 640 640
6851 2235 1353517 1 1383 631 631
6728 2195 1352497 1 1382 632 632
6694 2184 1352186 1 1382 632 632
6731 2194 1352286 1 1363 632 632
