235
3365 5090 1507188 0 1195 576 576
3320 5039 1511167 1 1198 577 577
3279 5041 1511756 1 1209 589 589
3232 5062 1511267 1 1209 589 589
3180 5087 1510593 1 1218 589 589
3107 5122 1509689 1 1228 602 602
3003 5163 1508700 1 1248 603 603
2878 5206 1507510 1 1257 617 617
2750 5255 1506011 1 1256 620 620
2628 5308 1504338 1 1275 623 623
2516 5377 1502211 1 1273 627 627
2413 5460 1499879 1 1271 630 630
2340 5552 1497526 1 1279 622 622
2286 5611 1496043 1 1267 635 635
2260 5658 1494970 1 1277 648 648
2272 5696 1494221 1 1276 648 648
2309 5770 1492871 1 1275 647 647
2453 5920 1490537 1 1273 642 642
2684 6120 1488005 1 1271 635 635
2973 6375 1485726 1 1299 629 629
3299 6634 1484514 1 1298 625 625
3644 6894 1483084 1 1307 612 612
3975 7132 1478882 1 1313 625 625
4301 7295 1471943 1 1317 618 618
4542 7369 1455679 1 1302 624 624
4664 7359 1438361 1 1306 619 619
4664 7355 1435215 1 1284 603 603
4666 7354 1441212 1 1279 597 597
4670 7358 1462027 1 1298 597 597
4677 7367 1498223 1 1330 601 601
4602 7251 1519760 1 1349 601 601
4455 6929 1515934 1 1346 594 594
4311 6591 1516724 1 1347 591 591
4156 6234 1519463 1 1339 574 574
4003 5673 1493463 1 1306 576 576
3986 5193 1486327 1 1299 585 585
3839 4847 1529350 1 1316 578 578
3798 4508 1590265 1 1358 595 595
3704 4041 1595459 1 1351 592 592
3614 3630 1604230 1 1337 589 589
3511 3252 1614852 1 1313 598 598
3401 2927 1626616 1 1323 608 608
3268 2666 1637681 1 1310 619 619
3129 2448 1648569 1 1307 620 620
2987 2286 1657270 1 1291 631 631
2861 2207 1660400 1 1294 633 633
2741 2184 1658734 1 1293 636 636
2657 2212 1653570 1 1289 638 638
2595 2274 1646319 1 1283 640 640
2567 2358 1638692 1 1299 631 631
2545 2479 1629099 1 1292 633 633
2532 2613 1619749 1 1273 624 624
2526 2757 1610834 1 1266 625 625
2543 2930 1601790 1 1270 627 627
2575 3143 1592157 1 1262 629 629
2639 3383 1583175 1 1255 631 631
2759 3682 1574206 1 1237 621 621
2916 3984 1566783 1 1231 623 623
3102 4287 1559916 1 1247 625 625
3299 4554 1552816 1 1241 628 628
3511 4755 1543263 1 1234 632 632
3717 4865 1517161 1 1223 624 624
3795 4932 1486259 1 1198 609 609
3884 5061 1486837 1 1219 598 598
4013 5163 1487578 1 1220 595 595
5414 5136 1498895 0 1218 505 505
5212 5020 1487515 1 1199 495 495
5195 4987 1472859 1 1187 505 505
5195 4987 1472869 1 1197 516 516
5269 4989 1465008 1 1201 542 542
5386 5020 1461850 1 1208 562 562
5576 5163 1482394 1 1215 579 579
5634 5469 1544862 1 1277 593 593
5505 5662 1572246 1 1310 588 588
5381 5716 1559631 1 1299 574 574
5301 5721 1535669 1 1280 565 565
5272 5734 1517010 1 1264 563 563
5276 5767 1510120 1 1258 564 564
5268 5795 1505404 1 1254 565 565
5246 5803 1502674 1 1252 565 565
5217 5782 1501791 1 1251 565 565
5156 5739 1501257 1 1251 564 564
5110 5797 1552672 1 1294 566 566
4757 5850 1623930 1 1364 525 525
4693 5094 1478798 1 1242 527 527
4835 5128 1559536 1 1310 552 552
4825 5035 1590349 1 1336 558 558
4809 4880 1591496 1 1326 547 547
4823 4795 1594341 1 1328 546 546
4870 4762 1596273 1 1330 545 545
4948 4763 1596708 1 1319 555 555
5048 4822 1592666 1 1316 554 554
5162 4913 1582007 1 1307 553 553
5302 5010 1563619 1 1292 553 553
5490 5132 1546399 1 1278 558 558
5632 5249 1542369 1 1285 571 571
5714 5339 1539821 1 1283 572 572
5762 5385 1537926 1 1281 573 573
5775 5398 1537223 1 1281 573 573
5770 5390 1537675 1 1302 573 573
5751 5362 1539162 1 1303 573 573
5713 5292 1542544 1 1306 572 572
5657 5196 1547823 1 1310 571 571
5587 5086 1557019 1 1318 569 569
5543 5001 1566985 1 1327 567 567
5538 4928 1576387 1 1335 567 567
5559 4871 1583747 1 1341 577 577
5604 4840 1588049 1 1344 577 577
5691 4830 1590869 1 1347 578 578
5810 4871 1589444 1 1324 579 579
5953 4956 1584795 1 1320 580 580
6114 5068 1577801 1 1314 582 582
6290 5213 1565090 1 1304 585 585
6474 5340 1548663 1 1301 598 598
6625 5410 1534035 1 1288 600 600
6753 5444 1521036 1 1277 601 601
6797 5450 1516680 1 1294 612 612
6823 5446 1516893 1 1305 602 602
6837 5436 1520600 1 1308 602 602
6853 5410 1531832 1 1328 613 613
6830 5374 1548603 1 1342 613 613
6775 5321 1566731 1 1379 611 611
6695 5250 1582069 1 1393 609 609
6625 5180 1592409 1 1402 606 606
6560 5111 1599873 1 1387 604 604
6541 5085 1602497 1 1389 604 604
6550 5087 1603117 1 1390 604 604
6579 5103 1603259 1 1379 615 615
6661 5160 1600992 1 1377 616 616
6790 5248 1594580 1 1371 619 619
6958 5342 1581164 1 1360 624 624
7164 5402 1560742 1 1342 630 630
7190 5402 1531183 1 1317 620 620
7195 5400 1506160 1 1295 609 609
7199 5398 1489298 1 1291 591 591
7201 5397 1483378 1 1296 597 597
7202 5398 1483531 1 1296 594 594
7201 5401 1495999 1 1327 584 584
7198 5405 1518786 1 1357 597 597
7195 5409 1550202 1 1386 600 600
7192 5413 1580363 1 1413 604 604
7189 5415 1602159 1 1432 607 607
7188 5416 1618171 1 1435 619 619
7188 5417 1622932 1 1440 619 619
7188 5417 1618602 1 1436 618 618
7189 5416 1608817 1 1427 614 614
7192 5415 1585113 1 1406 609 609
7197 5413 1556068 1 1380 602 602
7203 5410 1524387 1 1352 594 594
7211 5407 1493554 1 1325 584 584
7220 5404 1471199 1 1305 575 575
7228 5402 1454007 1 1290 568 568
7241 5409 1451280 1 1287 563 563
7289 5439 1465217 1 1329 563 563
7303 5445 1480216 1 1343 561 561
7283 5439 1507484 1 1368 558 558
7252 5439 1544685 1 1412 556 556
7264 5437 1588807 1 1452 557 557
7309 5407 1623026 1 1483 560 560
7388 5340 1641117 1 1489 574 574
7472 5257 1650348 1 1497 577 577
7549 5192 1652486 1 1499 578 578
7639 5157 1648371 1 1473 579 579
7778 5142 1640234 1 1466 579 579
7953 5176 1628066 1 1455 580 580
8196 5267 1613987 1 1442 583 583
8494 5410 1603455 1 1433 586 586
8818 5585 1601720 1 1431 590 590
9087 5766 1608926 1 1438 592 592
9250 5942 1619166 1 1447 591 591
9316 6081 1628478 1 1455 587 587
9325 6101 1616191 1 1444 584 584
9325 6096 1603486 1 1433 585 585
9322 6092 1595921 1 1426 586 586
9313 6091 1597726 1 1449 590 590
9298 6092 1605358 1 1456 597 597
9183 5977 1594338 1 1446 598 598
9003 5838 1584688 1 1438 596 596
8819 5711 1582865 1 1436 593 593
8630 5582 1586145 1 1439 590 590
8439 5458 1593068 1 1445 586 586
8279 5339 1604994 1 1456 584 584
8184 5239 1618133 1 1468 582 582
8132 5147 1630766 1 1479 582 582
8165 5082 1638786 1 1487 582 582
8297 5053 1642732 1 1490 583 583
8494 5054 1645922 1 1493 584 584
8760 5117 1646580 1 1471 586 586
9059 5215 1645155 1 1470 587 587
9365 5325 1638450 1 1475 597 597
9632 5417 1623436 1 1462 596 596
9851 5482 1603136 1 1443 594 594
10053 5533 1581988 1 1424 594 594
10241 5598 1561869 1 1427 603 603
10416 5677 1544278 1 1390 603 603
10585 5760 1530174 1 1378 604 604
10733 5829 1520757 1 1390 615 615
10830 5890 1514509 1 1384 615 615
10892 5913 1512057 1 1382 616 616
10886 5918 1511797 1 1381 615 615
10811 5911 1513256 1 1383 615 615
10687 5890 1516763 1 1386 614 614
10479 5855 1524211 1 1393 612 612
10260 5815 1535794 1 1424 620 620
10036 5793 1551043 1 1438 618 618
9843 5786 1569106 1 1455 617 617
9736 5772 1584028 1 1469 618 618
9678 5753 1593836 1 1478 618 618
9680 5723 1597115 1 1492 610 610
9724 5686 1596154 1 1491 610 610
9802 5627 1594294 1 1489 611 611
9932 5565 1588867 1 1506 602 602
10103 5506 1581144 1 1498 604 604
10304 5450 1572738 1 1490 605 605
10496 5390 1566614 1 1484 607 607
10651 5333 1562876 1 1491 617 617
10784 5256 1561876 1 1490 619 619
10822 5176 1565346 1 1515 620 620
10777 5068 1574684 1 1545 630 630
10674 4963 1587280 1 1558 631 631
10507 4846 1605837 1 1598 632 632
10277 4727 1631359 1 1623 633 633
10000 4605 1665465 1 1679 644 644
9629 4501 1711250 1 1726 642 642
9072 4327 1741043 1 1767 622 622
8550 3973 1701836 1 1728 616 616
8163 3681 1687218 1 1713 620 620
7796 3456 1694832 1 1721 627 627
7469 3247 1704181 1 1742 623 623
7162 3051 1711178 1 1749 628 628
6926 2920 1714636 1 1752 631 631
6761 2834 1716196 1 1754 623 623
6647 2786 1716527 1 1754 624 624
6616 2773 1716565 1 1754 625 625
6650 2785 1716656 1 1731 624 624
