235
3272 5357 1586299 0 1258 560 560
3224 5304 1590747 1 1262 560 560
3181 5307 1591434 1 1273 571 571
3130 5329 1591096 1 1273 570 570
3075 5357 1590610 1 1283 570 570
2995 5394 1589970 1 1293 580 580
2880 5438 1589338 1 1314 579 579
2740 5485 1588265 1 1324 587 587
2596 5535 1586125 1 1322 585 585
2456 5585 1582973 1 1341 582 582
2331 5650 1578302 1 1337 580 580
2218 5725 1572864 1 1333 579 579
2140 5811 1567456 1 1339 568 568
2083 5866 1564006 1 1325 579 579
2057 5910 1561630 1 1334 590 590
2071 5948 1560201 1 1332 591 591
2114 6021 1557718 1 1330 592 592
2276 6170 1553605 1 1327 596 596
2528 6369 1548508 1 1322 598 598
2838 6619 1542615 1 1349 600 600
3181 6872 1537659 1 1344 602 602
3537 7124 1532557 1 1350 594 594
3877 7351 1524299 1 1353 610 610
4204 7490 1511159 1 1352 605 605
4414 7535 1488490 1 1332 606 606
4542 7504 1466593 1 1332 603 603
4578 7481 1459907 1 1306 592 592
4580 7482 1466264 1 1302 585 585
4580 7484 1487126 1 1320 585 585
4579 7489 1523037 1 1352 589 589
4576 7493 1570552 1 1394 597 597
4370 7192 1573410 1 1397 583 583
4202 6826 1570856 1 1395 576 576
4069 6441 1570106 1 1383 562 562
3953 5962 1569408 1 1372 568 568
3834 5464 1563939 1 1367 563 563
3743 5162 1628627 1 1402 564 564
3716 4554 1606383 1 1372 582 582
3636 4012 1583940 1 1342 581 581
3534 3530 1560374 1 1301 576 576
3407 3099 1539122 1 1252 580 580
3274 2740 1522530 1 1238 585 585
3124 2457 1508982 1 1207 591 591
2972 2225 1498098 1 1188 588 588
2819 2054 1489557 1 1161 596 596
2686 1972 1483901 1 1156 595 595
2560 1948 1479712 1 1153 594 594
2470 1976 1477362 1 1151 593 593
2404 2038 1475851 1 1150 593 593
2374 2122 1475174 1 1169 583 583
2351 2243 1474319 1 1169 584 584
2338 2376 1473144 1 1158 576 576
2332 2518 1471457 1 1157 577 577
2353 2688 1469431 1 1165 580 580
2399 2895 1466342 1 1162 586 586
2497 3129 1464369 1 1161 597 597
2711 3458 1478399 1 1162 611 611
2961 3911 1538039 1 1209 632 632
3109 4372 1590881 1 1272 626 626
3241 4708 1605574 1 1284 617 617
3403 4955 1608234 1 1286 613 613
3591 5157 1608502 1 1297 603 603
3724 5247 1581383 1 1275 598 598
3725 5274 1549470 1 1270 574 574
3848 5435 1566132 1 1284 571 571
5160 5470 1596254 0 1298 481 481
5069 5390 1597284 1 1288 481 481
5050 5407 1596837 1 1287 491 491
5050 5407 1596848 1 1298 501 501
5071 5437 1596415 1 1309 521 521
5096 5480 1595737 1 1319 531 531
5121 5553 1594439 1 1307 531 531
5144 5639 1592869 1 1316 542 542
5162 5730 1591127 1 1326 552 552
5171 5825 1589301 1 1324 552 552
5172 5914 1587583 1 1323 552 552
5166 5995 1586077 1 1322 552 552
5159 6053 1585024 1 1321 552 552
5142 6098 1584276 1 1320 552 552
5119 6117 1584064 1 1320 552 552
5097 6100 1584450 1 1320 552 552
5052 6060 1585243 1 1321 552 552
4990 5926 1587364 1 1323 553 553
4917 5729 1590271 1 1336 543 543
4835 5490 1593887 1 1339 542 542
4749 5253 1597698 1 1342 542 542
4689 5068 1600768 1 1345 542 542
4676 4916 1603225 1 1336 532 532
4695 4826 1604608 1 1337 531 531
4744 4789 1605401 1 1338 531 531
4825 4791 1606001 1 1327 541 541
4926 4862 1605883 1 1327 540 540
5045 4985 1604997 1 1326 540 540
5178 5137 1603384 1 1325 540 540
5320 5313 1600922 1 1323 540 540
5427 5441 1598740 1 1332 551 551
5497 5537 1596799 1 1330 551 551
5542 5587 1595734 1 1329 551 551
5554 5602 1595404 1 1329 551 551
5549 5593 1595627 1 1351 551 551
5532 5561 1596386 1 1352 551 551
5499 5483 1598192 1 1353 551 551
5456 5373 1600595 1 1355 550 550
5406 5238 1603347 1 1357 550 550
5374 5124 1605560 1 1359 550 550
5371 5026 1607615 1 1361 550 550
5389 4950 1609404 1 1362 559 559
5428 4909 1610723 1 1364 559 559
5506 4895 1612046 1 1365 559 559
5613 4942 1612417 1 1343 559 559
5740 5040 1611683 1 1343 559 559
5882 5171 1609857 1 1341 560 560
6033 5350 1606106 1 1338 561 561
6191 5523 1601708 1 1345 572 572
6323 5637 1598519 1 1342 572 572
6436 5714 1596338 1 1341 573 573
6476 5735 1595791 1 1362 583 583
6497 5731 1596142 1 1373 573 573
6506 5709 1597128 1 1374 573 573
6513 5650 1599694 1 1387 583 583
6493 5563 1603110 1 1390 583 583
6455 5458 1606951 1 1415 582 582
6400 5345 1610669 1 1418 582 582
6350 5249 1613602 1 1421 581 581
6303 5162 1616018 1 1401 581 581
6289 5131 1616906 1 1402 580 580
6298 5132 1617049 1 1402 580 580
6323 5147 1616938 1 1391 591 591
6391 5207 1615799 1 1390 591 591
6492 5310 1613381 1 1388 592 592
6612 5439 1609804 1 1384 593 593
6753 5560 1606341 1 1381 594 594
6896 5658 1603587 1 1379 595 595
7040 5741 1601329 1 1377 596 596
7142 5798 1599739 1 1387 586 586
7200 5820 1599387 1 1397 597 597
7229 5821 1599694 1 1397 597 597
7228 5782 1601613 1 1421 586 586
7191 5711 1604729 1 1434 596 596
7140 5614 1608861 1 1438 596 596
7087 5523 1612612 1 1441 595 595
7041 5459 1615123 1 1444 595 595
7022 5413 1617073 1 1434 604 604
7021 5399 1617713 1 1435 604 604
7032 5412 1617281 1 1435 604 604
7080 5442 1616530 1 1434 605 605
7150 5514 1614036 1 1432 605 605
7242 5603 1610822 1 1429 606 606
7364 5704 1607299 1 1426 607 607
7506 5806 1603914 1 1423 608 608
7639 5884 1601696 1 1421 609 609
7745 5945 1600067 1 1419 609 609
7833 5964 1600192 1 1419 609 609
7890 5945 1601531 1 1453 609 609
7925 5900 1603667 1 1455 609 609
7945 5802 1607888 1 1459 609 609
7944 5680 1613328 1 1475 609 609
7944 5544 1620008 1 1481 609 609
7944 5419 1626692 1 1487 609 609
7977 5313 1632838 1 1481 619 619
8030 5220 1638644 1 1487 620 620
8098 5161 1642422 1 1490 620 620
8196 5141 1643183 1 1468 621 621
8350 5144 1641021 1 1467 622 622
8537 5194 1633559 1 1460 623 623
8771 5286 1619915 1 1448 624 624
9027 5403 1601563 1 1431 623 623
9292 5512 1580935 1 1413 622 622
9522 5599 1562531 1 1396 620 620
9680 5685 1549210 1 1384 619 619
9795 5751 1540113 1 1376 618 618
9842 5798 1535946 1 1373 617 617
9835 5836 1535076 1 1372 616 616
9797 5863 1536085 1 1373 616 616
9719 5871 1539933 1 1397 616 616
9605 5868 1546253 1 1403 616 616
9474 5830 1555312 1 1411 617 617
9342 5769 1565814 1 1420 618 618
9217 5689 1576779 1 1430 620 620
9089 5590 1588587 1 1441 621 621
8953 5485 1600808 1 1452 622 622
8835 5365 1612717 1 1463 623 623
8764 5253 1622494 1 1472 624 624
8726 5148 1631211 1 1480 624 624
8770 5071 1635391 1 1483 625 625
8918 5023 1633063 1 1481 627 627
9135 4989 1624820 1 1474 628 628
9410 4994 1606784 1 1436 629 629
9706 5014 1581729 1 1413 629 629
10004 5048 1553246 1 1398 638 638
10264 5102 1528969 1 1376 635 635
10472 5174 1512843 1 1362 632 632
10653 5255 1502532 1 1353 629 629
10814 5363 1496370 1 1367 637 637
10959 5488 1492747 1 1344 635 635
11099 5610 1490361 1 1342 633 633
11222 5706 1488750 1 1360 643 643
11302 5787 1487988 1 1360 642 642
11354 5817 1487466 1 1359 642 642
11349 5823 1487559 1 1359 642 642
11286 5814 1488340 1 1360 642 642
11183 5785 1489750 1 1361 642 642
11012 5734 1492737 1 1364 643 643
10835 5668 1496927 1 1388 655 655
10652 5613 1502749 1 1393 656 656
10486 5567 1509548 1 1400 657 657
10383 5519 1514790 1 1405 659 659
10321 5481 1518492 1 1408 659 659
10318 5444 1519199 1 1419 650 650
10359 5406 1517474 1 1417 650 650
10430 5345 1514157 1 1414 650 650
10547 5282 1508132 1 1429 640 640
10695 5226 1500592 1 1422 639 639
10861 5174 1492971 1 1415 638 638
11015 5115 1486757 1 1409 637 637
11137 5059 1482493 1 1415 646 646
11239 4976 1478698 1 1411 645 645
11262 4881 1475886 1 1428 645 645
11217 4737 1471934 1 1444 656 656
11131 4588 1467434 1 1440 658 658
11010 4414 1462787 1 1455 662 662
10878 4251 1466873 1 1459 670 670
10742 4145 1499019 1 1512 692 692
10502 4129 1569823 1 1583 700 700
10076 4137 1664616 1 1690 691 691
9425 3973 1701794 1 1728 679 679
9001 3745 1716704 1 1743 684 684
8363 3959 1941199 1 1971 672 672
7288 3093 1623513 1 1659 608 608
7123 2784 1561706 1 1596 624 624
6935 2665 1564995 1 1599 632 632
6794 2597 1572841 1 1607 626 626
6692 2568 1581991 1 1617 629 629
6664 2560 1584892 1 1620 629 629
6696 2565 1581320 1 1594 628 628
