235
3335 4888 1447358 0 1148 570 570
3287 4838 1450970 1 1151 571 571
3245 4840 1451630 1 1161 582 582
3196 4861 1451479 1 1161 582 582
3142 4887 1451255 1 1171 582 582
3066 4923 1451091 1 1180 594 594
2956 4966 1451321 1 1200 594 594
2826 5014 1451827 1 1210 606 606
2693 5068 1452283 1 1211 607 607
2564 5125 1452660 1 1231 608 608
2446 5200 1452645 1 1231 609 609
2337 5287 1452461 1 1231 610 610
2258 5383 1451973 1 1240 600 600
2200 5445 1451835 1 1230 611 611
2171 5493 1451590 1 1240 622 622
2180 5532 1451052 1 1239 622 622
2213 5604 1449907 1 1238 620 620
2348 5746 1446875 1 1236 614 614
2561 5934 1442594 1 1232 606 606
2821 6170 1438040 1 1257 597 597
3103 6411 1434557 1 1254 587 587
3384 6663 1433234 1 1263 568 568
3637 6918 1434448 1 1274 572 572
3874 7120 1436523 1 1285 557 557
4037 7284 1439001 1 1287 554 554
4165 7370 1440538 1 1308 553 553
4268 7385 1441097 1 1289 552 552
4310 7352 1440756 1 1279 551 551
4308 7242 1438906 1 1277 551 551
4284 7058 1435378 1 1274 551 551
4226 6824 1430293 1 1270 551 551
4150 6503 1422566 1 1263 554 554
4070 6142 1413470 1 1255 558 558
4021 5761 1404242 1 1237 555 555
4027 5307 1397060 1 1221 579 579
4070 4923 1409251 1 1232 598 598
4043 4621 1457879 1 1255 609 609
3912 4278 1508985 1 1288 613 613
3773 3888 1534892 1 1300 603 603
3658 3503 1548355 1 1291 596 596
3540 3137 1557684 1 1267 603 603
3423 2817 1565714 1 1273 612 612
3286 2560 1572204 1 1257 622 622
3145 2344 1578324 1 1251 623 623
3000 2183 1582819 1 1233 634 634
2873 2105 1583662 1 1234 636 636
2752 2082 1581316 1 1232 638 638
2667 2110 1576955 1 1229 640 640
2604 2170 1571366 1 1224 642 642
2576 2253 1565773 1 1241 633 633
2554 2372 1558748 1 1236 635 635
2540 2503 1551810 1 1220 626 626
2534 2644 1545048 1 1214 627 627
2550 2813 1538046 1 1219 629 629
2583 3021 1530212 1 1213 631 631
2647 3253 1522362 1 1207 633 633
2767 3540 1513458 1 1190 623 623
2925 3826 1504421 1 1182 625 625
3109 4106 1494018 1 1194 626 626
3298 4347 1482385 1 1185 627 627
3489 4530 1470369 1 1176 628 628
3673 4671 1456778 1 1175 617 617
3835 4781 1440994 1 1162 616 616
3980 4851 1425187 1 1168 613 613
4109 4891 1409158 1 1155 610 610
4726 4652 1357612 0 1104 441 441
4610 4563 1352126 1 1090 437 437
4609 4565 1348132 1 1087 448 448
4609 4565 1348141 1 1096 457 457
4626 4581 1345147 1 1103 476 476
4673 4627 1347249 1 1113 487 487
4730 4698 1348908 1 1106 491 491
4783 4785 1351691 1 1117 503 503
4828 4882 1355458 1 1129 516 516
4861 4983 1359634 1 1133 519 519
4882 5081 1363842 1 1136 521 521
4894 5170 1367896 1 1140 522 522
4898 5235 1370935 1 1142 524 524
4893 5285 1372975 1 1144 525 525
4878 5303 1373228 1 1144 526 526
4860 5280 1371326 1 1142 526 526
4821 5225 1366891 1 1139 527 527
4759 5057 1354441 1 1128 527 527
4675 4802 1332964 1 1120 516 516
4606 4582 1330265 1 1117 517 517
4619 4579 1392563 1 1170 527 527
4629 4578 1445872 1 1214 535 535
4636 4576 1492292 1 1243 527 527
4641 4574 1520903 1 1267 525 525
4643 4571 1532369 1 1277 520 520
4644 4567 1530880 1 1265 521 521
4642 4561 1506450 1 1245 509 509
4637 4555 1466565 1 1212 497 497
4636 4548 1419621 1 1173 484 484
4856 4621 1392665 1 1151 493 493
5004 4716 1385679 1 1154 508 508
5096 4796 1383215 1 1152 511 511
5151 4842 1383035 1 1152 512 512
5166 4856 1382995 1 1152 512 512
5159 4848 1383113 1 1171 512 512
5137 4820 1383664 1 1171 511 511
5091 4756 1386335 1 1174 510 510
5029 4676 1393101 1 1179 507 507
4957 4597 1407327 1 1191 504 504
4915 4548 1424984 1 1206 503 503
4924 4510 1442640 1 1221 504 504
4966 4475 1455079 1 1232 515 515
5028 4446 1458900 1 1235 518 518
5132 4419 1455392 1 1232 521 521
5255 4423 1443100 1 1202 523 523
5394 4462 1427082 1 1189 526 526
5545 4534 1411508 1 1176 528 528
5701 4652 1396723 1 1163 530 530
5860 4778 1385747 1 1164 541 541
5991 4862 1378659 1 1158 542 542
6104 4914 1372775 1 1153 543 543
6145 4926 1370655 1 1170 553 553
6170 4918 1369751 1 1178 544 544
6185 4896 1369777 1 1178 545 545
6206 4842 1370951 1 1188 555 555
6200 4770 1374572 1 1191 556 556
6174 4687 1380090 1 1215 557 557
6128 4603 1387059 1 1221 557 557
6085 4533 1393570 1 1227 557 557
6044 4472 1399917 1 1213 557 557
6033 4450 1402217 1 1215 557 557
6044 4449 1401906 1 1215 557 557
6071 4457 1400223 1 1204 567 567
6141 4495 1394632 1 1199 568 568
6243 4562 1386094 1 1192 569 569
6365 4649 1375938 1 1183 571 571
6515 4726 1365470 1 1174 573 573
6679 4783 1355604 1 1166 576 576
6861 4827 1346542 1 1158 580 580
7000 4860 1340923 1 1162 574 574
7085 4873 1339331 1 1170 587 587
7128 4874 1339699 1 1170 588 588
7125 4849 1343135 1 1191 578 578
7075 4799 1348559 1 1205 587 587
7009 4730 1355500 1 1211 585 585
6945 4664 1361737 1 1217 583 583
6893 4617 1366124 1 1221 582 582
6873 4583 1369155 1 1214 592 592
6873 4572 1369997 1 1215 592 592
6886 4582 1369147 1 1214 592 592
6942 4603 1367094 1 1213 593 593
7028 4655 1362598 1 1209 595 595
7145 4722 1357524 1 1204 598 598
7312 4804 1353746 1 1201 603 603
7522 4904 1354666 1 1201 609 609
7723 5004 1362221 1 1208 615 615
7881 5098 1372094 1 1217 620 620
7992 5151 1382169 1 1226 622 622
8049 5154 1388451 1 1260 622 622
8069 5120 1391742 1 1263 620 620
8056 5027 1393289 1 1264 618 618
8016 4907 1393697 1 1274 615 615
7977 4774 1395188 1 1275 612 612
7948 4654 1397120 1 1277 609 609
7961 4557 1400557 1 1271 618 618
7998 4474 1404381 1 1274 617 617
8053 4424 1407931 1 1277 617 617
8143 4418 1412174 1 1262 617 617
8286 4448 1418930 1 1268 617 617
8469 4541 1428279 1 1276 618 618
8709 4706 1442223 1 1289 619 619
8981 4924 1459545 1 1304 620 620
9263 5153 1477808 1 1321 620 620
9504 5350 1492880 1 1334 619 619
9674 5517 1503513 1 1344 618 618
9793 5642 1510898 1 1350 618 618
9847 5718 1514563 1 1353 617 617
9851 5762 1515734 1 1354 618 618
9828 5784 1515345 1 1354 618 618
9766 5766 1512397 1 1372 619 619
9669 5719 1507184 1 1367 621 621
9542 5621 1499360 1 1360 622 622
9402 5490 1490110 1 1352 622 622
9259 5340 1480219 1 1343 622 622
9105 5171 1469335 1 1333 622 622
8942 4995 1457932 1 1322 621 621
8793 4816 1447804 1 1313 620 620
8693 4667 1441316 1 1307 619 619
8627 4536 1437307 1 1304 617 617
8643 4460 1438135 1 1304 616 616
8759 4443 1444538 1 1310 615 615
8937 4466 1454561 1 1319 614 614
9182 4563 1468229 1 1312 614 614
9461 4701 1482830 1 1325 613 613
9757 4864 1496604 1 1347 622 622
10031 5029 1507193 1 1357 620 620
10257 5178 1513971 1 1363 619 619
10451 5309 1517938 1 1367 617 617
10621 5448 1519991 1 1389 625 625
10768 5590 1520405 1 1369 624 624
10904 5719 1519244 1 1368 622 622
11020 5814 1517048 1 1386 631 631
11094 5892 1515120 1 1384 630 630
11143 5920 1513749 1 1383 630 630
11138 5926 1513853 1 1383 630 630
11077 5920 1515471 1 1385 630 630
10981 5895 1518016 1 1387 631 631
10823 5845 1521619 1 1390 632 632
10661 5770 1523895 1 1413 644 644
10495 5694 1524367 1 1413 646 646
10343 5616 1522872 1 1412 649 649
10244 5540 1520483 1 1410 650 650
10182 5481 1518403 1 1408 651 651
10171 5437 1517362 1 1417 640 640
10200 5405 1517211 1 1417 640 640
10254 5355 1517074 1 1417 639 639
10353 5315 1517523 1 1438 628 628
10488 5286 1517985 1 1438 627 627
10647 5260 1517927 1 1438 625 625
10800 5219 1517169 1 1438 624 624
10925 5174 1516256 1 1447 633 633
11031 5099 1515305 1 1446 633 633
11054 5010 1514947 1 1466 633 633
11000 4875 1514880 1 1487 643 643
10890 4736 1514656 1 1486 644 644
10713 4568 1513608 1 1506 644 644
10470 4378 1510877 1 1503 645 645
10178 4164 1505886 1 1518 655 655
9827 3940 1497887 1 1510 655 655
9401 3693 1485760 1 1508 644 644
8911 3428 1468238 1 1490 642 642
8370 3122 1431119 1 1453 636 636
8218 3015 1478231 1 1501 661 661
7781 2900 1522111 1 1555 649 649
7353 2731 1532121 1 1566 644 644
7055 2623 1540296 1 1574 643 643
6856 2555 1547065 1 1581 632 632
6720 2518 1551510 1 1585 631 631
6684 2509 1552783 1 1587 631 631
6725 2517 1551586 1 1564 631 631
