235
3038 4981 1474740 0 1170 520 520
2990 4918 1474750 1 1170 520 520
2951 4918 1474760 1 1180 530 530
2906 4940 1474770 1 1180 530 530
2857 4967 1474780 1 1190 530 530
2787 5004 1474790 1 1200 540 540
2686 5047 1474800 1 1220 540 540
2564 5094 1474810 1 1230 550 550
2439 5147 1474820 1 1230 550 550
2318 5204 1474830 1 1250 550 550
2207 5280 1474840 1 1250 550 550
2105 5369 1474850 1 1250 550 550
2032 5468 1474860 1 1260 540 540
1978 5532 1474870 1 1250 550 550
1952 5582 1474880 1 1260 560 560
1963 5623 1474890 1 1260 560 560
1998 5701 1474900 1 1260 560 560
2139 5858 1474910 1 1260 560 560
2364 6067 1474920 1 1260 560 560
2645 6329 1474930 1 1290 560 560
2956 6592 1474940 1 1290 560 560
3272 6857 1474950 1 1300 550 550
3558 7114 1474960 1 1310 560 560
3822 7311 1474970 1 1320 550 550
4001 7467 1474980 1 1320 550 550
4140 7547 1474990 1 1340 550 550
4252 7559 1475000 1 1320 550 550
4299 7527 1475010 1 1310 550 550
4299 7424 1475020 1 1310 550 550
4276 7253 1475030 1 1310 550 550
4212 7038 1475040 1 1310 550 550
4120 6743 1475050 1 1310 550 550
4008 6410 1475060 1 1310 550 550
3908 6052 1475070 1 1300 540 540
3822 5604 1475080 1 1290 550 550
3744 5154 1475090 1 1290 550 550
3650 4676 1475100 1 1270 550 550
3571 4182 1475110 1 1260 560 560
3502 3737 1475120 1 1250 560 560
3432 3338 1475130 1 1230 560 560
3343 2971 1475140 1 1200 570 570
3242 2655 1475150 1 1200 580 580
3114 2402 1475160 1 1180 590 590
2978 2191 1475170 1 1170 590 590
2836 2035 1475180 1 1150 600 600
2709 1961 1475190 1 1150 600 600
2586 1943 1475200 1 1150 600 600
2498 1974 1475210 1 1150 600 600
2432 2038 1475220 1 1150 600 600
2400 2123 1475230 1 1170 590 590
2373 2245 1475240 1 1170 590 590
2354 2380 1475250 1 1160 580 580
2341 2525 1475260 1 1160 580 580
2350 2699 1475270 1 1170 580 580
2373 2913 1475280 1 1170 580 580
2425 3153 1475290 1 1170 580 580
2529 3451 1475300 1 1160 570 570
2667 3752 1475310 1 1160 570 570
2828 4055 1475320 1 1180 570 570
2994 4327 1475330 1 1180 570 570
3165 4546 1475340 1 1180 570 570
3332 4731 1475350 1 1190 560 560
3486 4896 1475360 1 1190 560 560
3632 5022 1475370 1 1210 560 560
3772 5121 1475380 1 1210 560 560
5144 5057 1475571 0 1200 480 480
5053 4980 1475581 1 1190 480 480
5033 4997 1475591 1 1190 490 490
5033 4997 1475601 1 1200 500 500
5054 5026 1475611 1 1210 520 520
5079 5068 1475621 1 1220 530 530
5103 5140 1475631 1 1210 530 530
5125 5224 1475641 1 1220 540 540
5143 5315 1475651 1 1230 550 550
5152 5409 1475661 1 1230 550 550
5152 5498 1475671 1 1230 550 550
5147 5578 1475681 1 1230 550 550
5140 5636 1475691 1 1230 550 550
5123 5681 1475701 1 1230 550 550
5099 5699 1475711 1 1230 550 550
5076 5682 1475721 1 1230 550 550
5028 5642 1475731 1 1230 550 550
4963 5510 1475741 1 1230 550 550
4889 5317 1475751 1 1240 540 540
4809 5084 1475761 1 1240 540 540
4726 4853 1475771 1 1240 540 540
4668 4673 1475781 1 1240 540 540
4657 4526 1475791 1 1230 530 530
4678 4439 1475801 1 1230 530 530
4730 4403 1475811 1 1230 530 530
4814 4403 1475821 1 1220 540 540
4918 4469 1475831 1 1220 540 540
5038 4584 1475841 1 1220 540 540
5170 4729 1475851 1 1220 540 540
5311 4898 1475861 1 1220 540 540
5416 5023 1475871 1 1230 550 550
5485 5118 1475881 1 1230 550 550
5530 5168 1475891 1 1230 550 550
5542 5183 1475901 1 1230 550 550
5537 5174 1475911 1 1250 550 550
5520 5142 1475921 1 1250 550 550
5488 5064 1475931 1 1250 550 550
5447 4955 1475941 1 1250 550 550
5400 4822 1475951 1 1250 550 550
5370 4711 1475961 1 1250 550 550
5370 4615 1475971 1 1250 550 550
5391 4540 1475981 1 1250 560 560
5432 4499 1475991 1 1250 560 560
5512 4482 1476001 1 1250 560 560
5618 4524 1476011 1 1230 560 560
5742 4616 1476021 1 1230 560 560
5878 4742 1476031 1 1230 560 560
6021 4917 1476041 1 1230 560 560
6170 5090 1476051 1 1240 570 570
6294 5206 1476061 1 1240 570 570
6400 5284 1476071 1 1240 570 570
6437 5305 1476081 1 1260 580 580
6457 5300 1476091 1 1270 570 570
6466 5277 1476101 1 1270 570 570
6475 5214 1476111 1 1280 580 580
6459 5123 1476121 1 1280 580 580
6426 5014 1476131 1 1300 580 580
6377 4899 1476141 1 1300 580 580
6333 4802 1476151 1 1300 580 580
6291 4716 1476161 1 1280 580 580
6279 4685 1476171 1 1280 580 580
6288 4685 1476181 1 1280 580 580
6312 4699 1476191 1 1270 590 590
6375 4758 1476201 1 1270 590 590
6467 4859 1476211 1 1270 590 590
6577 4988 1476221 1 1270 590 590
6705 5110 1476231 1 1270 590 590
6836 5209 1476241 1 1270 590 590
6968 5293 1476251 1 1270 590 590
7061 5351 1476261 1 1280 580 580
7115 5372 1476271 1 1290 590 590
7142 5372 1476281 1 1290 590 590
7142 5330 1476291 1 1310 580 580
7111 5254 1476301 1 1320 590 590
7067 5152 1476311 1 1320 590 590
7021 5057 1476321 1 1320 590 590
6981 4990 1476331 1 1320 590 590
6965 4942 1476341 1 1310 600 600
6965 4928 1476351 1 1310 600 600
6975 4941 1476361 1 1310 600 600
7018 4971 1476371 1 1310 600 600
7081 5044 1476381 1 1310 600 600
7163 5136 1476391 1 1310 600 600
7273 5240 1476401 1 1310 600 600
7402 5345 1476411 1 1310 600 600
7525 5424 1476421 1 1310 600 600
7624 5486 1476431 1 1310 600 600
7708 5503 1476441 1 1310 600 600
7764 5481 1476451 1 1340 600 600
7799 5432 1476461 1 1340 600 600
7820 5328 1476471 1 1340 600 600
7820 5199 1476481 1 1350 600 600
7820 5053 1476491 1 1350 600 600
7820 4919 1476501 1 1350 600 600
7850 4805 1476511 1 1340 610 610
7898 4704 1476521 1 1340 610 610
7958 4640 1476531 1 1340 610 610
8045 4620 1476541 1 1320 610 610
8182 4629 1476551 1 1320 610 610
8352 4695 1476561 1 1320 610 610
8574 4819 1476571 1 1320 610 610
8830 4982 1476581 1 1320 610 610
9108 5149 1476591 1 1320 610 610
9357 5292 1476601 1 1320 610 610
9536 5419 1476611 1 1320 610 610
9667 5514 1476621 1 1320 610 610
9724 5575 1476631 1 1320 610 610
9724 5614 1476641 1 1320 610 610
9691 5637 1476651 1 1320 610 610
9613 5630 1476661 1 1340 610 610
9497 5604 1476671 1 1340 610 610
9356 5536 1476681 1 1340 610 610
9209 5441 1476691 1 1340 610 610
9067 5328 1476701 1 1340 610 610
8921 5197 1476711 1 1340 610 610
8771 5060 1476721 1 1340 610 610
8643 4913 1476731 1 1340 610 610
8564 4782 1476741 1 1340 610 610
8518 4661 1476751 1 1340 610 610
8549 4580 1476761 1 1340 610 610
8676 4543 1476771 1 1340 610 610
8866 4535 1476781 1 1340 610 610
9119 4590 1476791 1 1320 610 610
9408 4682 1476801 1 1320 610 610
9722 4800 1476811 1 1330 620 620
10020 4928 1476821 1 1330 620 620
10272 5051 1476831 1 1330 620 620
10494 5166 1476841 1 1330 620 620
10691 5294 1476851 1 1350 630 630
10867 5430 1476861 1 1330 630 630
11030 5560 1476871 1 1330 630 630
11169 5661 1476881 1 1350 640 640
11259 5744 1476891 1 1350 640 640
11316 5776 1476901 1 1350 640 640
11311 5782 1476911 1 1350 640 640
11243 5770 1476921 1 1350 640 640
11132 5736 1476931 1 1350 640 640
10946 5674 1476941 1 1350 640 640
10749 5593 1476951 1 1370 650 650
10545 5517 1476961 1 1370 650 650
10359 5447 1476971 1 1370 650 650
10240 5382 1476981 1 1370 650 650
10166 5332 1476991 1 1370 650 650
10156 5293 1477001 1 1380 640 640
10193 5262 1477011 1 1380 640 640
10260 5214 1477021 1 1380 640 640
10379 5174 1477031 1 1400 630 630
10537 5144 1477041 1 1400 630 630
10720 5119 1477051 1 1400 630 630
10893 5082 1477061 1 1400 630 630
11031 5041 1477071 1 1410 640 640
11146 4971 1477081 1 1410 640 640
11170 4885 1477091 1 1430 640 640
11109 4754 1477101 1 1450 650 650
10990 4619 1477111 1 1450 650 650
10801 4458 1477121 1 1470 650 650
10545 4281 1477131 1 1470 650 650
10244 4085 1477141 1 1490 660 660
9891 3886 1477151 1 1490 660 660
9475 3672 1477161 1 1500 650 650
9017 3449 1477171 1 1500 650 650
8545 3223 1477181 1 1500 650 650
8079 3013 1477191 1 1500 650 650
7670 2815 1477201 1 1510 640 640
7298 2634 1477211 1 1510 640 640
7022 2516 1477221 1 1510 640 640
6833 2440 1477231 1 1510 630 630
6703 2398 1477241 1 1510 630 630
6668 2387 1477251 1 1510 630 630
6707 2397 1477261 1 1490 630 630
